11723:8,17,654,5567,6281,9846,15098,24160,52522,77934
11738:8,17,302,354,518,654,1102,1460,25344,56530
11749:17,81,550,3423,3682,12727,13544,16404,51141,71444
11775:17,70,138,226,508,616,654,17183,39835,70054
11781:17,29,58,84,119,224,616,654,3233,8730
11788:17,76,698,719,866,901,2139,3159,7153,10617
11795:17,441,2008,2917,4510,8008,10985,18765,45147,81860
11799:17,76,81,669,866,10039,55944,58808,78554,81953
11818:6,17,29,58,84,285,302,616,654,787
11825:17,70,76,81,138,302,354,866,3603,95106
11835:6,17,29,58,84,354,616,2467,23993,39997
11836:40,135,168,224,1326,21998,28446,31171,52050,53462
11838:17,70,654,873,899,931,12986,35501,53636,61837
11839:223,1262,3521,6828,10046,10345,12988,77465,94970,105761
11843:400,441,710,1002,1744,3775,11694,14955,15187,50502
11844:17,58,76,224,698,755,9448,35313,51436,56745
11847:17,76,441,2991,4513,8928,15775,16465,54442,65065
11851:17,76,81,224,302,669,866,25910,41068,85508
11856:226,500,780,1884,1888,2967,3819,7211,8283,13544
11863:17,76,81,224,302,669,866,6381,25298,95901
11864:17,76,81,94,224,302,669,866,82446,82448
11865:17,58,70,84,302,361,518,542,650,736
11883:17,76,225,669,866,8364,11825,13183,14797,35382
11884:81,1682,4261,5048,7881,8567,15535,16680,49172,90981
11885:13,710,1002,1256,4513,4715,5122,6315,13881,14955
11892:17,76,3847,5398,11887,26985,31813,64472,115552,116205
11893:17,76,302,1462,2354,4146,6901,10692,13782,46247
11896:17,358,361,500,650,698,2139,12090,50001,80971
11910:70,84,301,302,354,654,736,899,1927,4420
11913:17,70,76,84,302,354,654,761,866,7545
11922:17,29,76,84,101,289,302,616,650,654
11928:17,58,224,302,616,654,899,1245,3588,40143
11929:29,65,84,289,650,654,736,866,1220,3137
11939:8,17,76,81,302,616,650,654,1382,93883
11956:29,76,84,285,301,354,554,616,650,654
11962:17,40,76,81,238,650,1730,3847,11992,112432
11968:8,17,70,76,302,873,1539,1825,3704,35879
11972:17,76,302,873,1402,4205,8907,9758,32142,36336
11979:17,58,76,302,354,500,546,654,866,78683
11983:8,17,58,76,84,138,616,650,654,1039
11988:15,58,84,224,301,302,354,654,1196,5753
11990:17,3484,3717,4357,12505,18765,20452,23393,110421,122719
11996:17,76,81,224,302,669,866,2703,5495,8725
11999:13,441,1340,2715,2917,4513,4696,5122,7630,43342
12008:17,58,268,356,542,616,1403,1508,1511,11888
12010:197,441,710,1744,3196,4513,5111,6754,27070,55062
12011:17,45,162,302,616,650,1196,5575,34099,108650
12027:17,58,302,361,564,616,650,654,866,3937
12028:6,84,138,289,654,861,1217,2316,4578,5465
12037:6,15,17,61,162,285,289,322,654,6759
12047:17,76,81,226,508,866,1460,2008,2139,68126
12050:6,17,138,301,354,518,616,654,1762,53415
12067:2528,2857,4093,4146,6117,10302,17622,24647,29172,51021
12084:6,15,17,29,289,650,654,861,1140,8730
12094:135,168,463,661,984,1400,2642,4877,5488,7235
12130:17,182,289,302,616,650,1196,1804,42210,49467
12170:17,58,302,361,564,616,650,654,736,866
12199:17,76,650,669,790,866,10408,11796,24174,45084
12211:17,1651,2528,6117,6901,8783,10692,12093,54555,78979
12213:17,40,669,866,2596,5739,10020,26255,33950,45438
12232:6,15,17,289,542,591,654,736,861,1424
12234:17,65,76,245,301,546,656,866,1190,1410
12235:6,17,29,58,84,138,302,354,616,1240
12237:17,32,76,2337,10291,20288,30139,41523,72788,108904
12239:17,76,500,805,866,2139,4979,5726,75790,96166
12263:8,17,61,245,327,542,616,902,17164,57147
12268:17,349,944,1784,6696,12332,16995,19829,31315,79096
12271:17,76,81,866,2139,2292,5812,6917,17403,68911
12272:17,128,427,542,616,1287,2739,3256,10085,96681
12296:17,295,518,891,899,1057,1187,1389,2935,4420
12310:17,124,138,301,518,736,1102,1109,1119,8276
12327:17,367,564,650,698,3054,6545,9886,19537,54539
12328:17,84,138,354,899,947,1023,1119,2935,6945
12356:8,17,70,302,1023,1449,4195,5465,13566,67308
12360:58,84,116,285,301,302,354,654,866,7941
12364:8,58,65,76,302,354,591,650,654,866
12373:5240,10305,10787,12779,14524,14890,19795,23051,28945,58620
12375:931,14672,31940,39233,47623,56781,65861,67765,68333,75280
12376:17,1592,1787,2549,2600,6165,7945,13312,72027,76972
12379:17,65,119,375,508,511,866,1287,4499,105134
12406:17,226,354,986,12710,20265,45629,67033,82918,93505
12416:58,84,508,518,650,654,1102,1287,11604,17247
12428:17,76,81,669,866,17336,54389,62565,112791,115625
12433:8,17,58,76,81,302,518,616,654,5581
12443:8,17,32,65,245,302,518,616,3233,7739
12453:8,70,138,302,354,654,866,947,1102,1119
12464:8,17,76,224,225,302,616,696,7067,13832
12467:17,76,6094,10175,28631,28795,37105,45438,55158,82704
12474:8,17,84,302,354,518,654,1733,2082,13110
12480:17,285,302,356,654,5702,5987,6496,11803,14823
12496:285,401,654,2744,2924,4414,8105,15937,22510,96020
12498:17,669,866,901,7813,20182,41209,72179,79029,85829
12505:17,76,866,1145,2139,2513,21826,28553,41640,68204
12512:6,58,138,285,301,354,616,650,654,1102
12531:8,17,58,76,302,542,564,616,650,654
12532:17,76,669,866,4339,5282,11625,18035,93074,106952
12533:6,8,29,58,162,354,616,726,1762,9617
12534:17,669,866,3683,4138,18370,29546,33008,51633,115121
12536:6,15,17,58,84,302,354,518,616,1145
12540:17,29,58,84,616,654,1348,1389,9595,30872
12541:17,76,226,354,508,564,654,1462,6383,9425
12544:6,15,17,61,138,518,616,650,902,1109
12549:17,76,84,254,302,354,546,654,1995,4068
12552:8,15,17,84,302,518,542,616,16789,61373
12555:81,5331,6191,8899,37827,42430,53092,61373,64022,73949
12556:8,17,58,302,354,518,616,654,866,1102
12559:70,84,302,354,654,947,1119,2162,4837,33706
12562:17,64,9354,12637,14508,29453,42440,45423,48208,88524
12564:6,58,84,138,616,866,1023,1102,2976,9894
12568:17,76,669,866,31355,31418,31990,52203,77973,106456
12573:15,17,58,302,542,616,650,654,1548,9311
12587:58,84,138,301,302,354,431,654,866,26053
12595:76,840,2139,3196,3939,6559,7623,10175,22421,47366
12601:17,84,226,508,542,873,1119,5990,14012,51041
12604:6,84,162,289,302,354,518,736,3250,70801
12616:17,2447,9629,11644,14964,20490,28490,31369,37386,80826
12622:17,32,289,650,654,1548,7905,17123,17608,45842
12628:17,76,669,866,4305,8471,14039,37050,62866,122304
12630:17,58,61,119,205,322,363,2030,3233,22253
12642:17,29,289,354,387,518,616,654,1102,3028
12660:17,58,76,302,616,654,1196,5735,7809,14088
12662:656,2139,3233,4249,8363,8907,16496,51752,59585,60833
12663:17,62,76,302,409,616,1912,8037,8197,29770
12669:17,29,58,76,302,616,654,866,5702,34555
12676:17,76,698,1460,2337,2347,17798,29458,46215,75173
12700:774,1002,1913,4513,4696,5122,6387,11260,16036,56652
12701:17,58,84,302,616,654,1102,14035,17608,85561
12723:13,17,710,1002,3618,4421,6315,8928,14955,16465
12725:17,58,302,596,616,650,654,3886,7514,96219
12739:1112,2492,2832,12039,24464,43605,51657,71593,105698,121313
12753:8,17,58,285,302,542,564,650,5184,36788
12754:17,175,4177,4940,7225,16381,19236,26488,36233,42088
12761:17,76,358,564,805,1730,2139,5214,25441,35847
12766:81,140,1749,1888,2204,3407,3423,3819,5935,17317
12767:17,76,81,669,866,1968,2642,14910,42889,78144
12773:17,931,2194,3131,9979,26138,59656,87905,88992,114709
12779:17,81,375,2967,4575,6202,17339,48076,71824,118115
12780:8,17,76,302,616,654,2980,12090,13832,84773
12794:17,76,425,564,616,1099,2669,6840,16258,46215
12795:17,29,58,76,84,138,616,650,654,1395
12796:17,76,302,361,866,2139,2848,6387,31633,40263
12799:17,76,81,290,669,866,26194,26207,26235,46545
12804:17,302,508,518,654,931,947,1023,1551,1965
12807:2510,6977,7524,11590,12294,14287,14814,19206,32413,71843
12811:17,70,116,138,302,354,361,427,673,1119
12836:6,8,17,58,302,542,616,654,1960,3736
12841:1921,5538,5671,11004,12099,27249,29000,29064,60650,61267
12852:17,58,76,224,285,302,616,654,4541,37220
12860:29,58,119,138,301,559,654,736,1762,42352
12885:58,302,542,564,650,654,780,3448,8197,14750
12892:8,58,76,224,301,302,542,616,654,1196
12898:6,15,17,58,62,266,3638,10349,13221,34020
12902:2633,5975,7524,11238,12294,14408,14814,15566,17316,32413
12912:6,17,84,289,301,354,650,736,861,4262
12918:6,17,29,289,302,322,354,616,650,62776
12928:17,70,84,302,354,496,518,654,947,15242
12931:17,289,302,542,616,650,654,4107,13498,26936
12934:17,76,302,568,616,654,780,3516,57016,72869
12939:17,226,431,787,1382,6435,41961,49517,79129,95543
12956:17,58,224,302,616,654,7171,19912,20351,60279
12967:17,58,61,245,302,427,616,654,2739,16852
12970:17,58,76,182,302,616,645,654,866,1245
12985:17,654,787,986,3010,33605,36451,44036,66616,68099
12986:17,302,463,564,650,719,866,2318,5480,12722
12991:17,76,236,508,564,616,654,7984,46649,46860
12998:17,58,182,302,616,654,1550,3101,14541,32256
13004:17,40,76,482,500,564,1164,10074,19715,91507
13019:2008,2194,3484,3717,8008,18765,24790,29960,45147,53369
13024:17,76,669,866,48747,80114,81883,81930,81941,81967
13025:17,76,81,285,669,866,31990,54090,74728,117672
13039:533,2633,3224,6311,8529,10981,11538,17316,21684,74204
13040:17,81,1749,2379,6227,6431,7211,12727,34936,95194
13050:17,76,669,866,11924,81883,81902,81930,81941,81953
13060:17,76,669,866,1125,18233,81902,81908,81909,81941
13062:8,17,939,2656,3535,4300,5010,5998,62975,73537
13071:1352,1527,3107,5624,6434,8848,10041,20806,21771,23884
13080:17,22205,24477,40888,49809,52642,63072,86137,86189,121481
13081:6,15,84,162,289,363,650,654,726,3234
13087:17,81,245,867,15651,16263,19167,26859,86829,98698
13092:58,65,84,301,302,354,616,650,866,22603
13094:8,17,76,84,302,616,654,866,1709,102555
13106:17,70,1701,6849,14692,22023,84700,86355,88547,110733
13109:17,76,81,262,500,564,986,2139,8511,109442
13110:17,76,500,564,1744,2139,2414,2512,18452,27507
13116:17,8226,10937,14237,24467,29543,31808,44021,56623,61053
13152:17,58,84,301,650,654,736,866,1187,1462
13153:17,40,76,302,361,654,698,866,2139,2653
13177:17,76,302,616,654,14750,24218,24761,32256,80273
13179:17,58,302,361,564,616,650,654,736,866
13192:17,76,81,224,302,669,866,46013,46541,64226
13195:15,17,76,650,1058,4403,8194,17396,34496,37121
13226:17,76,669,866,18400,46537,55388,69945,79895,83624
13233:17,58,302,356,554,616,650,1001,60216,105054
13259:17,76,669,866,14889,32609,63764,67671,108063,108108
13264:8,58,76,101,302,354,616,654,6491,18239
13269:17,669,866,1166,7019,12882,15148,31981,60010,97300
13280:6,15,17,58,162,224,285,322,1866,5542
13285:17,70,76,81,302,616,654,28138,69053,81501
13289:17,76,226,698,2139,2265,16995,19829,31315,38891
13295:76,289,302,542,559,650,654,726,861,1424
13296:17,76,669,866,924,11808,26090,31496,43124,62728
13307:17,58,322,508,616,2425,3795,7446,13362,94751
13312:58,84,138,354,495,650,654,829,866,14330
13319:17,76,669,866,985,64401,81883,81930,81965,81967
13325:17,669,1592,26988,31496,33822,55843,69396,98007,98874
13335:17,58,254,302,356,358,542,564,861,10039
13339:3672,7021,9289,10492,13889,16016,17567,54142,73769,104494
13353:17,86,140,226,500,508,780,787,3423,5767
13367:168,984,1451,2135,2351,7235,8111,10420,21903,27874
13375:17,76,81,669,866,2703,31246,35128,48933,110373
13377:17,76,226,1965,2717,8927,10692,19957,26985,43400
13380:17,76,669,866,4600,5717,8814,15089,26628,32752
13387:17,621,752,866,1007,2194,7457,12508,45773,87381
13392:17,76,866,3522,8772,9286,40840,86323,108134,121649
13414:58,237,301,302,354,395,518,654,25616,53758
13425:17,30,76,273,302,1803,8359,13102,13419,17985
13432:8,17,58,302,322,363,654,787,1572,5757
13434:84,138,245,301,302,866,1187,3207,8871,15976
13435:17,76,254,302,361,546,1728,2139,37694,103062
13436:4640,9678,14600,19609,23824,39690,42190,46994,59405,89820
13444:17,40,226,303,354,508,518,1009,1462,21511
13445:8,17,58,70,84,302,354,591,650,654
13447:17,76,669,866,5477,11404,11433,11470,22182,70052
13459:40,76,698,2139,5097,5214,10039,13051,18287,28604
13464:168,463,719,984,1400,1531,7994,9417,10267,11255
13466:15,17,70,138,245,301,899,1023,1382,1790
13467:8,17,508,616,2429,2998,3028,11652,19052,58513
13469:58,84,138,301,354,654,866,1102,5812,17403
13470:3034,6951,18920,20956,21249,24825,30490,39399,42505,73080
13504:58,76,84,245,301,302,354,866,899,947
13506:6,17,162,285,302,495,650,654,9006,101197
13511:8,58,84,302,322,510,650,654,1550,2626
13525:118,844,22799,26888,37637,39466,46013,69087,92317,114252
13526:17,76,168,226,719,1326,1460,4372,5403,14754
13530:17,76,226,262,302,780,3423,3789,38994,72207
13533:17,101,285,301,322,518,542,650,654,111161
13534:17,76,81,669,866,1417,13516,42665,96907,110852
13535:157,189,465,2055,3196,4626,10541,14793,15772,27070
13564:17,76,736,2669,6840,8194,17396,34496,37121,65145
13568:17,76,564,1760,4600,4697,21650,26054,35494,50237
13584:17,32,61,103,245,616,654,787,2345,3632
13590:17,76,669,866,2405,81883,81902,81941,81953,81967
13596:8,17,58,76,84,302,354,616,654,866
13602:15,17,58,101,162,518,542,564,650,28536
13607:17,42,70,84,138,226,302,354,654,866
13613:8,17,76,289,302,322,616,650,654,866
13618:17,76,81,669,866,7709,16797,33957,35367,79736
13632:696,7703,8431,13789,31191,44275,49043,99198,112863,121287
13633:3,354,1804,2270,2469,2769,3160,3628,15370,45181
13634:58,76,84,138,301,302,354,361,654,1168
13643:17,76,669,866,2215,5738,15479,19062,34251,37591
13657:17,65,736,1023,1539,7642,18027,36236,36547,47316
13665:17,32,76,302,542,554,616,1001,4195,5465
13666:17,301,358,361,508,564,616,650,11235,98442
13696:17,70,76,81,138,302,1884,2379,2967,17317
13700:8,70,301,302,354,654,736,866,1102,1187
13701:17,70,4671,5465,6977,8772,10180,10981,12294,71789
13710:17,76,168,1326,1528,5480,9265,13568,15560,78389
13723:76,866,14193,17224,19386,31357,34997,35256,37528,97736
13752:17,409,669,866,7278,19327,29649,46738,60279,106292
13758:17,29,58,76,84,301,616,650,654,1359
13761:58,301,354,654,932,1065,2668,7306,20664,35764
13770:1352,1923,2686,3307,4966,16145,26191,32797,36057,43956
13781:17,76,669,866,921,51741,64343,80287,81883,107702
13782:17,1077,1547,2543,7468,7622,9435,9594,11178,12861
13784:17,533,13341,22646,24689,35965,43926,58745,75240,111993
13806:58,119,301,302,354,361,518,654,3233,42352
13812:17,58,302,542,564,591,650,2414,3702,22703
13813:8,58,302,650,654,2200,4793,5928,6094,24568
13831:17,76,81,224,262,2265,4268,9567,22966,78942
13835:17,335,361,546,866,1728,2139,7194,13420,45919
13841:17,58,84,224,302,564,616,645,654,866
13871:135,168,463,719,984,2103,2888,4877,5488,25202
13874:17,76,669,866,1760,81902,81908,81909,81941,81953
13876:15,17,30,302,559,1196,2715,3250,19251,32541
13883:58,76,84,101,239,301,302,354,45076,119490
13884:17,29,58,70,84,138,354,564,616,654
13892:76,698,2139,7498,11834,32914,42714,65623,84411,119788
13893:533,2543,4310,5975,8772,10180,10981,19885,39892,81860
13900:8,58,301,302,354,518,650,654,866,1762
13912:4,3919,7450,12779,18452,19795,69251,69703,78440,113386
13918:17,398,866,2934,4592,6113,9629,11644,19946,24340
13924:6,58,84,239,301,302,654,866,1362,1382
13953:17,40,76,361,698,890,1913,2008,5097,6759
13956:17,76,81,224,301,669,866,873,15947,44741
13961:17,76,669,866,10804,81883,81941,81965,81967,81997
13964:17,65,76,301,302,361,650,18788,37905,96681
13995:17,10882,11847,15078,21907,23781,32965,54356,97866,119528
14003:17,76,669,866,2618,15364,26878,38741,39786,46687
14014:8,17,81,616,15248,26540,51952,74775,83046,98442
14015:17,76,669,866,16034,29610,81883,81930,81965,81967
14024:17,76,245,827,4444,24467,28615,33966,93665,109920
14034:17,76,81,669,866,906,11808,81965,81967,84906
14040:17,58,245,285,327,616,654,1276,4249,53731
14056:6,17,65,302,353,364,542,616,1595,45018
14057:17,32,76,302,429,564,616,645,40129,65362
14058:17,58,76,84,182,302,354,616,650,71761
14065:76,81,385,2139,2414,10543,13389,13785,24644,33223
14068:17,76,245,302,353,654,1827,2403,3207,30638
14069:84,138,289,301,354,616,650,654,866,3234
14084:17,58,76,84,302,616,654,866,891,899
14087:17,353,364,787,1790,8794,12495,64254,92188,106372
14088:17,1077,4671,6475,7468,13348,14259,23556,36266,83175
14095:17,76,193,669,866,20178,22213,26573,46398,95665
14112:6,8,17,29,58,84,302,354,591,650
14120:6,17,162,301,302,596,654,3234,4541,50298
14128:17,76,669,866,1175,13958,14408,14500,43848,48721
14139:8,32,58,542,564,650,761,3377,13681,56398
14142:17,301,1131,2121,9758,16450,21465,23370,47372,47385
14147:17,76,81,669,866,2807,3229,8093,76468,81909
14148:17,76,302,1270,2854,13988,14948,17321,22155,81399
14151:17,76,5807,6906,8226,17855,20416,42870,48905,57108
14176:6,17,29,58,76,138,616,650,654,1086
14210:6,15,17,58,70,84,302,354,616,650
14211:17,76,302,364,616,650,6254,8655,17339,91891
14219:81,1749,2379,3137,5355,8617,15139,15535,17317,109442
14247:8,138,302,354,518,654,866,1102,36785,83193
14293:29,84,101,301,322,354,616,650,654,30635
14299:8,17,58,84,302,518,616,654,1762,7874
14314:58,76,84,301,302,354,654,1102,2618,3915
14321:17,32,70,899,1187,8946,24790,78283,82614,107083
14330:8,615,656,970,1987,4249,8286,8803,51752,62769
14336:17,81,226,564,1002,2028,2139,8673,17426,34309
14347:17,76,669,866,12706,20061,22620,98686,105304,119485
14371:15,17,32,301,363,364,518,899,1187,1389
14386:17,76,182,669,866,7422,27999,36187,52219,58717
14397:6,17,58,285,289,302,650,654,15430,16586
14407:17,70,76,131,138,302,327,521,1023,49901
14422:17,76,669,866,11083,48747,65532,69083,70890,92941
14436:17,70,301,302,654,736,1462,5581,11902,22928
14445:17,76,224,302,616,650,654,1605,6149,97809
14446:17,45,62,97,182,302,364,409,650,8197
14455:17,76,238,302,398,654,901,18798,21729,87511
14470:17,29,58,138,354,518,654,736,1102,59199
14473:17,84,138,168,226,361,1460,1462,5480,7180
14508:17,76,669,866,5860,36682,81941,81965,81967,81997
14509:58,84,138,302,361,616,650,654,866,89897
14517:17,3825,12513,15947,20361,27673,43930,49869,55482,113429
14522:17,40,76,81,182,226,302,650,1245,2139
14524:17,805,827,1205,1784,2406,2917,5726,11626,26131
14536:168,719,2103,2888,3709,7435,8860,10152,14593,15949
14554:302,2668,4294,13596,15697,22331,25241,34775,39649,48634
14568:17,40,76,302,2139,2265,5214,6387,22614,59031
14576:17,40,76,358,500,698,4575,7153,17974,20768
14582:6,84,289,301,302,322,354,650,861,944
14590:17,58,76,302,483,616,654,4414,4502,106292
14591:17,70,76,81,226,378,616,3229,13652,18867
14601:17,669,866,3412,37415,50861,74319,81589,84675,110399
14613:17,29,58,65,138,564,591,650,654,691
14615:17,76,81,669,802,866,81908,81909,81965,85514
14619:17,76,866,890,1730,3328,5097,55944,69619,77650
14629:17,76,598,1097,2026,3215,6453,14170,15098,16941
14639:17,76,361,866,2139,2848,6387,22856,31633,40263
14640:17,76,669,866,17433,19376,21442,26741,38953,74193
14652:8,58,285,302,394,616,650,654,5511,10459
14676:8,29,58,76,84,301,616,654,3638,5657
14681:1176,7627,13896,16701,20836,24467,28227,29543,37143,88492
14695:17,245,327,518,710,787,1262,1744,1985,27105
14697:2439,8419,14505,17498,19604,21483,22338,25466,25740,27209
14701:6,17,29,58,84,302,354,518,616,5407
14712:17,84,245,947,2265,2548,8066,10175,32607,92336
14717:780,2241,3137,3423,3739,11839,14059,14825,16404,113000
14719:29,58,84,302,354,616,650,866,5702,5987
14721:4409,9674,11072,13077,19528,24933,37112,38522,56480,74475
14737:17,238,302,654,735,866,13925,52797,71420,112979
14752:17,76,669,866,17125,81883,81902,81930,81941,81967
14755:6,15,17,58,302,616,650,709,18068,72568
14759:29,58,84,138,354,616,654,866,1102,24921
14764:542,659,2139,2692,10054,10446,21193,22444,31856,105771
14767:17,1069,8454,9354,12548,13335,19489,20288,27291,47375
14771:140,986,2241,3137,3423,7211,8511,12727,13544,22597
14776:8,17,58,76,302,542,564,616,654,21934
14784:17,76,168,719,1682,4261,36786,42088,53681,86974
14788:17,84,162,289,302,322,354,518,591,861
14791:168,463,984,1400,1528,2103,2153,2642,5480,20594
14793:81,262,403,3137,3423,5767,6254,15484,24668,70578
14794:8,58,101,301,302,616,650,654,7623,15676
14822:17,11127,11754,12117,16695,17667,38465,53216,62454,97300
14824:13,1256,2917,3618,3688,4421,4513,5122,13881,42397
14862:17,76,302,378,873,4671,7334,13512,14259,23556
14863:8,58,84,301,302,616,654,866,1102,119311
14864:17,29,58,76,162,302,510,616,654,13030
14865:8,58,65,76,301,302,616,654,889,6793
14874:6,17,29,58,84,302,354,616,866,5553
14879:8,17,58,119,302,327,559,616,654,1190
14881:168,336,463,661,984,1400,2103,4877,7235,8733
14883:8,29,58,70,138,301,354,866,1102,56982
14906:81,2301,3423,3718,8586,22421,40012,52303,77296,89725
14923:17,76,669,866,7153,81902,81908,81909,81941,119413
14924:17,76,441,1460,2548,2715,2717,5117,6097,9800
14933:157,465,840,2055,4179,10541,14793,18897,20525,27094
14934:135,463,574,661,719,2103,2642,4940,5488,8860
14960:17,147,317,3088,15705,18447,43591,49330,96589,109652
14964:58,84,116,138,239,354,650,866,1102,3234
14967:17,58,302,361,564,616,650,654,866,20286
14982:17,76,224,302,650,654,1245,1832,5702,33706
14992:81,140,986,2241,3423,3819,7211,16217,22597,32166
15002:7148,11777,16851,31000,31723,52792,58754,77433,78950,92515
15024:17,500,1527,2880,3484,4755,12990,14401,16519,86083
15025:563,1119,26687,29039,40281,46687,56570,60549,86547,108203
15027:17,76,81,500,785,866,6127,6491,17546,18239
15043:17,76,81,224,302,669,866,4813,82446,82448
15044:6,17,162,302,356,542,564,616,1196,3223
15051:17,76,81,669,866,17508,22250,23147,53385,61495
15066:17,70,76,302,508,616,654,1551,5567,89106
15068:135,168,463,719,1400,2103,2642,8733,8860,14226
15073:6,17,58,76,302,616,650,654,866,20973
15076:17,119,327,518,856,873,1606,7605,12776,40690
15079:17,302,654,2939,4885,8623,24905,31274,82109,110731
15101:17,669,866,2406,6906,25066,45123,51244,60771,83226
15104:17,302,654,953,3005,4541,23936,57379,59572,117031
15106:6,17,66,84,483,720,736,1568,13984,46687
15113:17,58,301,302,1927,3567,10526,12859,14672,95825
15130:17,669,866,8588,34910,36938,38116,70578,71444,91930
15131:17,262,6674,17676,18129,22966,51635,72051,79002,86295
15135:17,301,427,564,787,1951,2030,2955,3476,3514
15166:17,40,76,81,564,866,1913,2139,2414,6387
15176:17,76,669,866,3246,18809,38729,55991,66815,81953
15177:8,58,70,84,182,301,302,361,650,654
15178:58,84,654,866,2030,14003,17029,19818,29891,30688
15187:931,1126,2140,2579,6105,12776,19552,20505,27401,42352
15189:17,76,542,669,866,4342,9265,11585,13424,71824
15201:17,1326,1937,2513,5403,9180,9708,55749,82400,107487
15207:17,2959,8769,10175,13419,13501,44812,79115,103139,117814
15211:840,2055,4140,4179,5627,10541,10594,14793,41657,50931
15214:465,840,3196,3409,4179,8069,27094,36758,57128,114769
15216:500,605,1097,3913,7624,9354,15560,47377,60053,72545
15221:17,76,508,974,1099,5180,12486,22203,28541,69180
15224:15,17,70,103,226,364,542,616,654,118356
15253:8,17,84,245,302,508,518,616,654,13221
15278:8,15,17,32,58,84,302,518,616,654
15280:564,698,3477,8167,12332,25910,41249,49890,75530,103540
15288:8,58,84,301,302,354,361,568,654,866
15289:17,76,149,226,508,1644,1991,8011,48477,101393
15297:931,1121,4966,33796,46049,49009,54675,60884,68894,88139
15302:17,302,654,899,983,10415,11959,12202,26782,51602
15303:17,69,1917,3440,12597,17944,38690,83082,84615,88234
15306:17,76,81,224,302,669,866,3502,30843,78815
15308:17,157,197,327,2548,3196,10541,13995,27070,93200
15313:17,76,669,866,17486,17957,24335,25530,31626,43652
15333:8,17,58,394,591,1822,3195,3378,4032,45619
15340:6,17,58,76,84,138,354,495,616,23589
15352:17,29,58,76,564,650,654,827,888,54135
15357:17,2048,4600,20355,29540,36482,45339,51995,74520,82996
15366:17,76,84,138,162,285,289,354,616,3234
15375:17,32,58,76,162,363,364,654,1196,2030
15378:17,70,76,361,500,698,5276,6110,35798,63514
15380:17,866,7821,11015,24660,25365,59295,66181,69899,117317
15385:3,6,58,70,84,301,354,495,654,866
15388:17,138,354,521,654,780,986,1382,1790,32737
15394:6,17,61,62,162,285,322,654,2030,33051
15404:17,76,226,302,435,564,616,654,866,18568
15420:17,138,226,302,564,650,654,866,15334,19369
15421:17,76,302,669,866,17715,23387,50201,80767,97813
15433:17,3206,6921,12039,16258,22878,26312,34808,71593,116324
15434:40,6219,9656,25740,27209,31760,45673,47346,77144,103730
15441:17,866,1069,2552,2733,4707,7882,46963,48729,112862
15442:226,986,1749,1884,2241,2301,5767,8511,13544,14557
15448:17,76,226,669,866,4021,5103,5355,16763,76017
15451:8,15,17,32,58,302,518,616,654,5051
15466:17,76,81,669,866,1030,6908,22047,47470,85588
15469:186,3378,7649,8161,22713,24790,25947,45434,70460,75721
15470:1455,2215,6475,7622,9594,9790,11539,13348,14685,36622
15476:17,40,76,81,96,564,826,2139,11070,33950
15477:8,17,58,76,302,542,616,650,654,6766
15490:17,76,669,866,11470,11548,11552,26194,26207,78002
15495:8,17,58,76,285,302,616,650,654,5567
15496:17,76,533,603,832,5975,8066,14287,19206,30936
15503:17,84,94,131,891,899,947,1023,2935,4420
15524:17,58,76,84,254,302,354,361,654,52240
15525:29,84,138,162,289,301,354,361,650,24890
15534:17,441,1002,4696,4989,8705,8928,33280,85167,94711
15541:17,76,669,866,4409,6856,7408,8322,16965,17841
15551:76,301,302,354,518,654,736,866,1102,1913
15567:6,17,29,58,84,302,354,616,866,5553
15587:40,1332,3522,6678,9286,11270,16610,34404,69027,86323
15591:17,76,226,361,603,901,2367,5975,11681,13971
15599:17,76,81,217,381,6836,8709,12412,16680,42137
15600:17,76,81,669,866,13453,33128,65591,83988,117941
15601:6,17,301,302,303,354,564,902,1102,2031
15604:6,15,58,84,302,542,591,650,654,5542
15608:17,508,710,873,947,1539,1825,3704,7048,35572
15609:6,8,17,58,84,302,591,650,654,861
15621:72,76,168,719,984,1867,2318,5480,13567,72207
15625:8,17,76,84,302,508,616,654,7006,11535
15631:17,76,669,866,3471,34973,36038,70325,80499,118705
15640:8,17,302,564,1549,1957,14202,37313,45892,60780
15648:17,76,2543,4671,8759,9435,11855,12861,29201,40840
15654:17,81,840,1205,1888,6623,6754,7158,30681,47530
15666:17,76,81,224,302,669,866,1113,2703,47175
15671:17,76,669,866,18457,22507,34454,49674,72316,99520
15690:17,710,931,3704,4156,6328,7146,7334,23556,117213
15715:986,5771,8079,10504,14809,17667,25827,26868,29964,82898
15724:15,17,58,119,302,654,7841,23333,26802,38177
15725:17,669,8322,16035,19528,36432,53563,64076,87555,91084
15737:17,70,76,168,719,1528,12022,12722,28446,116704
15752:8,76,301,302,354,616,654,736,866,1102
15760:17,94,366,578,813,3067,6582,15540,33499,64982
15773:8,17,76,302,564,616,654,2669,6840,8194
15774:17,70,76,168,378,719,984,2614,8860,12090
15782:8,17,84,101,518,1589,2108,5955,11547,60902
15794:17,76,238,289,2021,13925,21562,21794,52797,112979
15809:17,76,245,2715,2980,4798,8673,10316,20360,67019
15835:8,17,378,542,902,2982,4886,10916,32656,44134
15857:8,15,17,58,101,245,301,542,1039,1102
15858:17,40,76,890,2139,5097,10039,20382,37842,68709
15860:76,463,661,719,984,2318,2685,5480,11834,12722
15866:17,58,62,302,402,616,650,1196,1535,6353
15882:17,140,226,564,731,780,986,1001,1749,3137
15889:197,840,4626,5627,10541,13049,14793,18897,31723,40344
15890:17,302,650,654,1119,2030,17424,28140,32044,113497
15908:7945,9216,11777,15499,19302,26312,28613,45956,66817,67442
15914:8,17,205,302,650,654,675,17480,19059,79032
15917:17,58,76,84,302,354,616,654,866,901
15918:22,106,754,813,1424,1471,1957,15937,18884,25714
15935:17,76,270,564,616,1119,8411,15334,19369,72550
15940:17,58,76,120,285,302,596,616,650,654
15950:76,168,463,661,719,984,1326,1528,2103,8860
15963:17,58,302,564,616,650,654,866,25764,97466
15977:17,58,84,182,224,302,354,616,654,14922
15988:17,224,669,866,1468,3587,5495,9006,18344,114203
15999:15,17,61,103,245,301,327,787,1057,1119
16008:8,17,58,84,245,302,616,654,6469,7560
16017:17,70,508,669,866,3501,21979,39487,52345,65260
16020:17,76,669,866,7120,43805,81883,81941,81965,81967
16021:17,76,669,866,3789,8658,50575,73943,74507,81549
16043:17,70,508,1023,1449,8588,9662,11488,21669,57108
16062:17,76,81,669,866,1165,4348,9203,14308,36331
16065:6,29,58,84,285,559,616,654,726,84377
16074:17,76,81,669,866,2548,6916,11822,32569,76183
16088:6,17,45,58,162,285,322,654,4173,32256
16093:17,32,61,224,245,302,322,363,787,2030
16097:684,2354,2857,5357,8129,8783,8927,21500,24647,25351
16099:17,866,1966,2110,2275,3345,4194,5538,11586,101795
16112:6,15,17,29,58,76,138,591,650,654
16113:8,17,29,76,289,302,616,650,654,9245
16122:58,84,285,301,302,654,726,866,22634,23813
16132:17,58,302,564,616,650,654,698,866,2414
16137:155,1276,4703,7029,11333,24071,26273,32256,62186,100484
16141:58,76,182,224,302,650,654,709,866,19169
16151:17,58,70,84,301,302,518,650,736,22047
16167:70,140,780,986,1888,3423,5767,7211,53381,92317
16169:190,1050,1102,1664,6143,6243,8596,23962,40283,73426
16185:17,245,353,616,1410,2268,20994,23162,33176,44891
16186:17,98,2838,16799,20707,21451,22931,39759,69432,86138
16187:17,76,81,226,10902,15604,17804,30650,36349,102663
16192:17,1989,9961,15012,19244,23317,36401,85292,89405,99734
16217:76,463,719,877,984,1400,2318,2685,5480,12722
16231:76,463,719,984,2318,2685,5480,7426,9874,12722
16233:17,289,1200,1614,3297,3426,5928,14892,16926,44069
16234:168,661,801,984,1400,2103,2642,5488,8860,15949
16235:17,76,81,224,302,669,866,7486,16786,19831
16238:17,76,81,669,866,5975,13935,28655,36465,62674
16256:17,226,2265,4738,9419,17236,17480,17990,47048,55960
16269:17,58,76,84,224,302,616,645,654,75345
16277:17,76,289,302,322,508,616,650,654,101155
16287:471,774,1471,1790,4364,4820,5117,5262,7910,17438
16292:17,29,81,117,138,205,226,5420,6231,67305
16297:17,76,81,669,866,8456,17336,62565,98686,115625
16301:17,32,61,245,302,402,542,564,616,654
16302:17,65,70,76,119,302,1606,4364,12749,12776
16305:6,17,58,76,84,138,302,510,616,654
16309:17,58,76,84,302,354,591,650,736,11772
16329:8,17,58,76,84,302,354,616,654,999
16330:17,32,97,162,179,289,302,542,564,10930
16335:17,84,289,301,302,518,591,650,654,7623
16337:17,81,1155,1616,4995,23832,24225,28590,34196,120731
16338:17,245,327,518,1173,2121,2140,6287,30439,39786
16352:17,58,84,302,699,861,8964,16383,18056,41372
16380:17,76,81,224,302,669,866,25103,39455,64368
16388:8,17,76,101,518,616,654,866,6411,99520
16411:197,2548,2614,4140,8069,13049,18269,20525,27070,27094
16422:84,302,2668,6143,6243,7441,15141,15334,23962,35781
16447:8,58,70,76,84,224,302,361,654,16452
16449:81,229,330,690,803,1499,13091,14884,92128,119264
16465:3737,10684,23161,26628,32257,33505,37332,69563,70142,104381
16467:17,76,302,394,542,866,5494,38295,88028,88596
16474:17,29,58,70,76,84,302,354,616,4349
16493:17,76,131,245,301,2658,3509,9217,87639,90083
16495:17,84,866,931,947,1127,1539,2058,2950,95838
16515:140,1888,2241,2379,3423,5767,6202,13544,22597,32166
16522:17,70,138,301,354,508,546,709,5465,7194
16524:17,1002,3246,3307,22105,22614,24431,32607,39528,44349
16525:17,76,238,302,564,616,698,866,20836,25764
16530:17,131,245,364,1405,2030,2200,7491,12061,41961
16531:17,76,81,224,669,866,38151,40910,42518,74647
16532:17,268,2444,4690,6117,16768,29052,48413,76886,115251
16552:8,17,1703,2357,4456,8213,14754,21795,48945,89221
16553:17,70,94,131,302,1119,1187,2935,4187,4420
16554:17,58,245,1410,2733,8016,8870,10930,13051,18287
16558:17,76,96,669,866,20127,27583,29149,66573,122358
16568:17,508,1131,8241,10105,13521,13741,14198,23370,50237
16628:15,17,58,61,302,402,542,616,654,10459
16639:661,719,2103,2642,2888,5023,5480,8733,8860,13460
16640:8,58,76,302,542,650,654,861,1389,8016
16641:8,17,301,354,518,1102,1913,2139,6387,7623
16642:17,76,616,2852,20178,32239,38152,46328,59616,120631
16643:17,76,103,245,472,1410,2139,9154,23697,32274
16666:17,719,7646,13192,15766,63242,74385,84927,95078,118783
16667:17,354,465,1002,2548,3307,5552,8819,59292,79299
16674:6,17,84,302,354,356,542,564,736,3250
16679:17,441,669,710,12586,14576,29205,32713,35998,81848
16710:17,58,182,322,363,1109,9245,11998,23299,34030
16714:17,70,302,361,564,616,650,698,709,866
16775:64,1675,9354,10246,10404,32351,42440,45423,48208,68717
16776:8,58,76,84,239,302,354,361,654,866
16796:409,2275,8016,10451,29266,31468,37152,64422,89148,104811
16799:17,40,76,361,500,698,2292,3288,4880,34593
16812:168,463,661,719,984,1147,1326,5480,8860,18867
16815:2543,7622,8867,9435,10722,19152,19378,77110,80360,108342
16833:17,337,385,805,866,11401,39936,62840,77581,92129
16838:17,669,866,20477,24285,30156,32713,54234,95186,118827
16839:17,29,58,70,76,84,138,354,616,650
16858:17,76,669,866,5048,10399,20265,21631,36038,70325
16859:17,76,81,669,866,10079,24481,88992,101934,114572
16860:17,76,654,698,1069,1970,2139,7153,10617,51733
16878:8,58,76,302,394,591,650,654,866,5867
16887:58,119,302,363,616,650,654,944,2059,3233
16890:17,58,76,302,508,616,654,3878,38572,89935
16891:17,76,669,866,2631,20302,43332,56740,63340,103540
16896:17,76,226,780,866,986,3423,5812,6916,17403
16898:17,76,669,866,23768,78387,81953,81965,81967,96618
16918:1131,2946,5648,6145,8731,17625,25103,31227,76647,101968
16926:6,17,58,65,138,302,322,542,650,6759
16929:17,4586,4798,8566,8797,10316,19087,20361,26966,67019
16945:17,101,616,650,986,1196,1558,5292,27324,47041
16954:84,766,2657,3057,3223,4083,4522,17443,49420,85708
16961:17,70,76,302,654,866,1023,1382,38026,38682
16972:17,76,669,866,20417,81883,81902,81930,81941,81967
16980:17,76,81,533,866,6951,7926,11626,13341,39399
16983:6,8,17,162,289,301,322,591,650,654
16993:15,17,29,58,84,302,518,616,654,4326
17006:17,29,76,289,363,564,616,650,709,1196
17007:8,29,58,138,354,518,616,654,866,1762
17008:8,15,17,65,245,302,518,654,1287,1410
17020:8,17,58,76,302,616,650,654,72613,106249
17034:17,546,866,1164,1763,1995,2139,2208,4727,7194
17053:17,58,302,616,654,1069,7770,10601,25764,88492
17056:4,17,29,58,591,650,654,7429,7450,20855
17074:17,866,1749,4021,4639,13696,62614,71034,92202,102939
17079:17,58,70,76,84,302,354,518,616,654
17097:17,76,84,302,654,866,931,1099,2583,20620
17099:17,58,302,542,564,650,861,10549,15583,18035
17115:17,40,866,2194,3484,4292,8008,9979,26138,77779
17116:17,10882,11847,16009,32965,54356,77615,87474,107945,119528
17117:17,931,947,6328,10466,15868,19960,45920,57181,96317
17118:8,17,58,285,356,554,568,616,2669,18867
17147:17,1250,2028,2377,2609,9354,13568,15560,18370,78389
17154:17,81,10236,10983,24016,24225,28590,32488,83102,120731
17158:509,533,542,4040,5975,7268,20432,30490,45783,119096
17159:8,17,542,616,1030,2618,6969,58650,60391,85127
17164:17,76,81,226,302,654,698,866,986,1462
17165:17,302,378,486,554,616,650,787,1089,1578
17178:17,76,669,866,4249,20769,43591,59458,92781,111199
17191:17,81,226,542,616,3600,18867,51205,56856,71607
17193:17,119,131,1539,18757,28759,46689,51158,61693,85001
17195:17,190,302,356,616,650,3101,4032,15660,86747
17208:17,385,805,12011,13134,13389,18892,24644,56217,71896
17241:17,70,84,226,302,616,1190,2193,9846,20872
17243:17,76,84,138,226,302,354,654,866,1462
17251:76,168,463,984,1326,7838,8860,10267,10622,83789
17254:17,76,81,669,866,8319,30771,84943,105897,111262
17266:6,17,29,58,84,302,354,616,866,3811
17267:17,70,76,238,302,654,718,16912,19295,36804
17272:289,301,302,354,564,616,650,654,866,1102
17278:197,840,4179,5627,8069,13049,13995,15772,18269,18791
17279:17,911,1970,8066,8772,13341,19152,37089,74204,95426
17285:8,17,76,81,866,1679,2139,5017,60324,67761
17297:17,58,84,285,302,395,518,616,654,7471
17328:17,32,70,564,616,650,698,1302,1764,2139
17358:58,84,273,302,654,690,14129,21394,61377,91523
17363:6,17,58,162,285,322,616,1196,24481,93648
17378:17,76,669,866,1419,5292,14255,15190,43006,89419
17412:508,931,1002,1446,2548,4194,11973,16313,65056,89220
17415:17,58,76,302,650,654,4203,4828,9018,53126
17418:17,76,669,866,1351,30941,31214,40013,46338,104003
17426:17,76,669,866,15376,16350,23339,41719,44486,96975
17440:17,76,226,302,361,698,891,1119,6901,41141
17448:176,509,815,3177,4589,11467,12190,33920,42479,49343
17461:17,866,9435,12861,17316,17908,34404,62081,78598,88708
17473:3360,4007,5056,16951,23832,25989,30511,55058,62402,65524
17474:17,670,698,16995,19829,31315,53429,53818,56414,74038
17475:29,84,289,301,302,354,616,650,866,96188
17477:17,40,254,698,890,1164,2265,6824,10039,56946
17484:8,17,2939,4650,4993,6210,7334,9731,10869,89499
17492:58,84,138,301,354,650,654,866,1102,1476
17498:17,76,573,669,866,18830,39545,44840,48051,79445
17499:17,669,866,3723,12929,21279,45611,50378,63712,92365
17513:17,81,302,564,650,654,866,6254,22421,29299
17522:17,76,176,508,1644,2068,12075,15155,40919,53190
17528:6,17,32,61,162,238,364,616,654,4592
17530:17,58,76,302,582,616,654,3054,12332,47600
17547:17,302,483,2338,12253,14314,18020,21367,27284,27789
17549:17,337,385,805,11281,11401,28511,39936,62840,92129
17551:17,76,518,559,1190,4364,6105,8587,11355,107517
17556:70,81,1888,2700,3819,8586,22878,26162,35088,61658
17562:17,58,76,245,302,616,650,654,1109,39829
17576:17,306,1397,2510,3033,5975,7641,13594,14268,70142
17579:17,76,81,224,302,669,866,3502,30843,78815
17591:17,3224,4348,5584,17822,21439,54442,61279,88286,89928
17592:17,76,81,168,226,508,1460,1965,2318,35229
17606:8,17,58,61,245,542,564,650,861,1527
17620:17,76,81,669,866,16301,25261,28191,59583,70518
17624:58,76,84,302,518,616,650,654,866,1762
17625:533,1352,4671,7926,8772,10041,10981,12861,15718,17316
17626:17,138,302,3095,13782,30790,65904,71328,83050,113588
17642:17,76,669,866,3730,24278,24672,73276,110582,110598
17653:17,669,866,1592,11008,26988,31496,33822,62728,98007
17671:17,84,302,518,1039,9885,12442,14728,32320,40367
17688:58,76,84,301,302,354,518,654,3368,3915
17689:6,58,97,301,302,518,654,736,866,1762
17695:15,124,226,289,302,578,633,3423,10142,18785
17716:1718,9554,14283,21587,25956,40222,48312,51677,102013,112914
17731:17,76,81,669,866,21666,81883,81902,81941,83875
17749:76,302,354,358,654,1728,2139,7194,13420,30906
17753:17,29,58,76,224,354,650,654,2467,8730
17779:58,84,239,301,302,354,361,654,866,899
17792:17,76,131,669,866,5397,21758,34298,41102,52268
17798:17,262,866,3361,3955,4320,11754,18205,46806,114065
17810:17,1077,1547,7334,7468,8759,11855,14259,40397,95415
17812:70,84,301,302,542,616,654,736,944,1187
17813:17,650,654,1521,5562,5618,15340,18704,31609,85828
17831:17,669,866,21825,29778,56263,81589,84675,92244,92830
17844:17,76,616,3054,12332,14841,22002,25910,43424,75530
17863:17,76,669,866,21875,81883,81902,81930,81941,81967
17867:118,844,11708,13375,26888,37637,44028,46013,69087,92317
17869:168,463,719,984,987,2155,5480,6244,8860,9417
17890:1176,2406,3850,7627,14966,15180,26131,29543,42870,88492
17897:6,29,58,84,354,518,726,1102,2059,38329
17905:17,45,58,302,354,616,654,966,18416,23495
17919:15,17,58,76,302,542,616,650,654,24015
17921:226,500,616,686,785,925,6127,17546,18216,47043
17922:17,70,76,226,508,787,1099,2583,17317,34143
17925:17,76,81,669,866,4308,24065,31356,65635,88472
17926:17,669,866,4226,7146,8236,12070,12630,21981,53251
17936:17,76,81,224,669,866,4671,25922,74728,112503
17937:17,76,81,669,866,2848,18750,20891,28695,81965
17972:17,226,354,1462,1477,12022,13826,16387,42632,61204
17974:17,394,4573,5581,7006,13959,17925,18892,18914,28888
17993:8,10,17,58,285,302,616,654,14035,17123
18005:17,76,81,669,866,35486,37637,57902,65107,81908
18030:8,17,138,278,301,302,518,654,866,1102
18039:8,17,84,301,564,616,650,4589,10647,92211
18042:17,815,1069,2904,3512,37534,53385,58808,69034,99392
18046:17,1044,1113,1131,6772,25034,29843,83073,103826,107032
18068:17,76,669,866,18691,26292,79803,88992,107228,120409
18070:17,353,378,441,1002,1827,2403,4513,13016,16036
18089:17,225,654,866,1684,21001,22243,74445,94694,94695
18090:17,441,1002,1256,4513,5083,12551,24564,29262,113269
18101:17,76,245,302,371,441,931,1744,5189,59197
18123:17,76,84,254,302,354,546,654,866,1763
18127:17,226,262,500,780,1784,3423,9087,12145,15770
18133:17,58,654,1960,2919,3369,9211,21394,29975,36511
18146:17,1354,1471,2937,5471,15705,18522,32278,79172,79831
18147:8,58,70,76,84,302,654,736,866,947
18163:17,58,239,302,542,616,654,837,21818,32639
18165:17,58,76,302,564,616,654,696,866,14700
18166:17,58,62,302,322,353,596,654,1951,8457
18182:76,168,302,399,719,1400,2139,17186,26274,37936
18186:8,138,301,302,354,654,736,899,1102,1744
18187:8,17,81,354,1131,7057,16978,90620,104707,117452
18195:17,669,866,5618,26687,29200,42659,74328,98068,101310
18200:81,140,986,1749,1888,3423,3956,17403,32166,109442
18204:17,76,177,669,866,11497,22655,24245,69494,103120
18208:1748,3522,3695,4625,6304,8066,9435,17486,19378,23641
18209:17,76,866,17321,19845,22155,27473,62468,81399,115887
18211:8,301,302,354,518,654,787,947,1102,60815
18212:17,76,84,302,564,616,654,698,866,1405
18261:17,76,669,866,5328,7486,16786,19831,71764,106016
18272:17,76,81,224,302,669,866,22524,82444,82446
18273:226,262,500,641,780,2241,3423,5767,24591,56418
18284:8,17,289,322,354,542,650,654,12483,14202
18306:17,29,58,84,162,220,302,510,616,650
18311:17,81,140,226,262,986,3423,3819,8586,22878
18316:546,876,901,1418,1787,1970,2064,2109,60029,73150
18322:17,189,1527,1712,2880,4755,10041,19697,35625,57181
18334:17,76,81,224,302,669,866,3502,30843,78815
18337:8,17,93,289,302,564,616,650,654,18761
18360:17,76,124,226,508,518,542,564,1023,1044
18365:75,16776,17979,21070,21438,25196,31004,40109,44669,65434
18384:17,58,76,182,302,591,650,654,1245,2669
18392:8,17,58,542,591,650,736,6353,11604,18401
18394:17,669,866,918,3494,4982,18728,37134,38682,58929
18404:17,81,302,363,364,596,654,5030,5345,11830
18405:8,17,76,429,710,931,947,16868,37631,41449
18411:17,22,76,106,226,974,4550,9045,18867,20834
18416:168,354,1400,3307,5480,9417,10813,30991,45147,96171
18417:58,84,301,302,322,542,591,650,654,861
18433:17,76,81,669,866,4308,24065,31356,65635,88472
18491:8,17,70,81,226,3423,5890,9015,14059,22878
18496:17,168,719,1230,2153,7534,13567,23627,69655,98159
18505:17,40,58,76,302,546,616,654,5160,44044
18510:6,17,58,66,302,495,616,654,1196,1866
18525:17,76,669,866,3578,37390,83228,84433,94154,118059
18545:17,76,302,616,747,866,1410,2733,5617,20938
18561:17,238,6186,18401,21626,24032,39860,49652,54872,88292
18571:6,17,29,58,76,84,97,650,654,8276
18616:58,76,84,302,616,650,654,866,1898,106677
18639:17,58,70,84,302,354,616,654,5581,59031
18648:17,202,262,440,12611,15366,77102,89392,90000,96337
18657:8,17,101,224,302,13060,24850,56740,73512,122839
18663:17,58,182,224,236,302,616,654,4203,21410
18666:17,40,302,361,564,650,654,698,866,2139
18686:17,81,302,564,650,698,866,2614,11626,34070
18690:17,76,1397,2510,4889,5975,8066,14268,23181,94734
18697:17,3372,3672,7397,13897,17567,25662,36127,85712,106014
18698:17,10592,15487,19749,23196,29490,48244,60838,65633,74874
18707:17,76,669,866,2405,81883,81902,81941,81953,81967
18709:17,76,81,138,358,1462,2139,20548,47658,56166
18711:17,76,669,866,7037,81883,81908,81941,81953,81965
18712:2523,17990,20664,22125,27483,32239,37738,38152,38925,59616
18713:17,76,81,669,866,2406,10039,55944,58808,78554
18766:29,58,76,84,138,354,650,654,866,2583
18810:6,17,29,84,101,301,518,591,1424,2158
18815:17,22,76,508,2139,5292,18096,32285,60072,84990
18823:17,138,224,294,302,4032,13449,14026,67213,84801
18827:17,76,1787,2600,3941,11326,12376,26879,31223,115925
18836:8,17,58,81,188,217,749,1099,1866,2583
18845:17,32,61,322,364,616,787,1493,2361,6759
18852:3372,3672,7021,13408,18877,23435,25662,26312,59840,62845
18885:17,81,840,1066,1435,1462,1592,7225,8637,61245
18887:17,76,81,224,669,709,866,2092,2139,23490
18901:6,29,76,84,138,289,301,354,616,654
18944:17,1394,10118,17326,31659,37715,67153,92508,98498,120400
18965:17,508,866,2068,5328,9788,26090,59514,102000,105647
18999:40,410,518,616,2302,5743,6759,11469,20583,34182
19001:58,70,302,654,866,1940,6908,41700,71119,94497
19006:17,62,76,81,669,866,9317,49567,50414,65532
19010:17,58,84,138,285,354,370,654,3234,7407
19019:17,70,116,301,302,901,1001,1462,1535,5581
19022:17,262,780,986,2241,3374,7211,13544,16404,22597
19025:17,76,81,224,302,669,866,4488,42763,46865
19030:17,70,76,669,866,3158,13106,23237,36000,79299
19032:8,17,58,302,564,650,866,10173,14479,53316
19043:17,76,81,224,669,866,23737,25922,74728,112503
19046:17,76,81,669,866,9383,25787,53924,97380,110825
19048:17,58,76,81,138,302,616,650,654,34323
19049:17,774,866,970,2824,4487,8871,9217,10046,15214
19050:17,76,182,669,866,2512,3588,10542,38941,63011
19051:6,17,29,58,76,650,654,3476,11720,93200
19062:17,616,3017,7707,9332,12071,13419,36134,88619,118305
19065:17,76,302,669,866,34309,41808,59550,66418,104871
19069:17,354,1730,5287,5771,10660,12536,18776,29282,34122
19070:17,76,81,669,866,1803,23791,35577,81965,81967
19094:17,76,398,669,866,4239,46136,61244,87430,100700
19095:6,17,58,66,302,616,5100,10813,20788,23828
19096:8,17,76,518,813,866,1039,2008,2139,105729
19097:17,76,1913,2265,4995,5363,11887,14237,28695,55058
19102:29,58,76,84,138,301,354,591,654,53315
19129:17,76,669,866,8342,81883,81902,81930,81941,81953
19130:15,17,32,61,302,564,616,1196,32946,34752
19144:17,65,76,119,236,302,616,899,12377,78725
19148:17,76,6856,8322,13077,16965,19528,24933,36432,38522
19156:17,669,866,1815,4320,4600,4719,55084,83408,87246
19163:1527,1712,2880,3107,3328,6434,8848,10041,19697,35625
19165:17,84,302,616,947,2058,2950,9608,11043,20505
19174:17,62,6040,7545,11715,13250,13557,35750,48703,50414
19176:17,1446,4128,7188,11785,28980,35847,46316,47551,96079
19178:17,670,19829,31315,49912,61937,62489,74038,79096,86073
19184:17,4886,6472,8035,10146,16388,18768,22243,24537,54100
19185:8814,11830,26308,38470,42662,45434,80258,107987,108882,114574
19198:168,463,659,661,719,984,2103,3709,5480,20732
19199:1352,1425,1527,1712,4755,7831,8848,10041,10442,12016
19240:17,58,65,76,891,1119,1187,2935,24071,41563
19241:58,84,138,302,354,361,616,654,866,79513
19243:302,564,654,2031,4886,6001,7856,30543,31845,42264
19244:17,76,669,866,3883,8178,11188,36360,54223,54563
19246:58,84,138,301,302,354,361,654,866,4018
19259:377,508,748,947,1566,1765,2068,8011,24106,43956
19262:168,661,2103,7404,11697,12272,22159,34589,54693,66611
19265:17,58,302,616,654,1475,1550,14434,24218,32256
19276:17,58,76,302,596,616,650,654,866,5991
19277:157,197,465,3196,4626,8069,10541,13049,14793,20525
19304:17,76,669,866,13369,15620,15621,15666,15676,68669
19307:17,76,2139,5097,52680,53761,55944,56360,58808,76202
19308:8,58,70,84,138,301,302,354,650,654
19309:17,70,76,84,302,654,866,947,1187,15242
19320:17,58,76,157,302,654,1352,2548,10041,27070
19328:17,76,866,6856,8322,13077,16965,24933,36432,38522
19343:17,76,669,866,3276,61118,65711,79353,87386,93612
19354:17,40,76,1600,1965,4093,4257,10684,26993,84543
19355:17,58,76,302,616,654,1970,2139,3159,31812
19356:17,377,669,866,30606,31813,42289,59903,63060,111200
19357:17,2405,5381,9024,12022,16387,28767,30455,63933,84430
19400:58,76,84,302,591,650,654,861,866,917
19405:17,76,669,866,6467,8681,10333,12009,38152,54903
19410:17,5145,5466,13894,19065,24848,29540,47265,51995,86550
19422:17,40,302,564,616,650,654,698,866,72509
19433:17,76,535,656,669,866,24380,52732,68645,112503
19434:17,40,76,542,564,698,1651,2579,24854,63453
19443:17,76,669,866,11053,24948,33901,39441,44536,45415
19444:17,76,81,168,238,719,866,1682,20727,108633
19446:8,17,58,76,302,564,616,650,656,902
19447:8,17,76,302,327,429,616,654,2372,12090
19448:17,76,684,4093,4146,5357,8783,12642,26077,69474
19452:6,17,70,138,301,302,518,650,654,27615
19462:17,94,131,245,302,486,908,1405,2030,2955
19463:17,866,1778,9554,19495,22444,24432,26823,36996,117179
19467:58,84,301,302,354,361,616,654,866,899
19468:29,58,84,138,224,301,354,654,709,736
19475:17,76,81,500,698,873,2139,2869,3955,62168
19476:17,603,1344,5975,11538,13660,73446,81306,82678,119694
19482:6,17,32,61,302,364,508,1587,4174,82016
19498:17,76,81,669,866,12586,29203,50302,64213,80499
19503:17,669,866,2610,3043,9693,11559,13897,17979,58775
19517:8,58,76,84,101,302,616,654,866,2369
19528:81,2435,3739,7881,9790,22689,30662,40537,44177,121359
19541:262,533,1790,5663,6930,9462,15683,30975,33927,65481
19544:29,76,425,564,826,1405,1421,6643,33814,36277
19549:17,58,76,302,364,616,654,2467,23993,39997
19554:17,58,301,354,518,591,810,1102,7407,13901
19582:17,76,81,224,302,669,866,2703,40718,58982
19583:463,1592,2492,4239,12984,13460,16629,17510,21425,30103
19626:58,70,76,84,301,302,361,654,731,866
19646:21,616,1353,2583,3231,5857,11803,25718,40538,44488
19680:17,76,669,866,17642,81902,81930,81953,86678,121526
19682:17,58,76,162,302,542,564,616,650,654
19692:17,302,1190,1606,4364,5761,11355,21841,30151,33232
19705:17,101,224,669,866,13060,38403,38824,73512,94906
19707:17,81,780,3137,3423,9790,15535,16404,30662,71467
19757:17,76,81,698,1069,5663,8981,13785,53532,113000
19759:17,463,661,719,984,1528,2318,12722,14081,24094
19763:17,76,669,866,10357,13624,18659,19065,84727,90224
19764:17,58,76,84,289,302,354,616,1930,44213
19768:17,76,669,866,2818,3526,33360,66689,98676,103858
19774:17,58,70,76,81,226,349,564,616,12332
19781:17,58,76,84,278,301,302,616,654,866
19788:17,58,285,302,3298,7282,16044,21472,25946,102563
19814:17,669,866,3841,6969,18761,25024,32639,33040,78112
19832:17,76,302,669,790,866,21813,45084,59814,77618
19847:17,58,70,182,302,354,650,2224,4032,4205
19852:17,76,669,866,25098,41553,81883,81902,81930,81941
19881:17,866,2140,4107,4364,6142,76952,92840,98550,121706
19882:76,84,301,302,354,361,785,866,899,18239
19887:17,76,669,866,1287,7549,10985,11602,57361,88298
19893:17,58,76,302,616,650,654,709,866,3028
19950:8,17,84,101,518,3039,7367,12750,23827,90844
19965:17,103,209,650,1287,6874,10496,13681,14151,36928
19983:17,76,81,224,669,866,3003,19121,58432,94116
19985:17,58,76,84,302,354,394,616,5605,74999
19996:58,84,239,301,302,354,361,654,866,899
20059:17,58,76,84,302,354,616,654,970,25003
20067:17,866,1119,4364,18025,25486,29773,48196,68854,110585
20073:17,76,361,813,1164,1995,2139,2194,32294,103062
20074:17,37,245,518,21438,33130,37348,46234,63947,97559
20075:17,289,780,1109,1152,2935,3197,3250,6395,7281
20094:17,378,1131,4239,11976,14153,14898,35847,54226,96079
20095:17,58,76,84,302,518,616,654,5998,108069
20115:17,76,669,866,17841,19528,48823,50871,52545,55387
20116:17,76,669,866,17321,81883,81902,81930,81941,81967
20120:17,58,155,358,568,616,2032,2168,42584,109571
20125:17,76,669,866,81883,81902,81930,81941,81967,96518
20160:76,81,168,226,297,2337,3373,3603,17227,72157
20161:17,168,302,361,564,616,650,654,866,96589
20166:15,17,29,58,76,302,616,654,866,13964
20183:17,669,866,1592,2021,4308,30878,31496,69396,76230
20206:17,76,168,719,752,866,877,1326,2008,2153
20208:17,76,669,866,17841,19528,48823,50871,52545,55387
20220:29,58,76,84,285,301,616,650,654,944
20233:17,76,669,866,7680,11008,31950,37524,91360,110374
20234:6,8,17,29,58,70,301,736,866,1102
20257:17,5353,7680,11310,18966,31246,35128,48933,54497,75524
20268:17,76,81,224,302,669,866,3502,30843,78815
20294:17,119,669,866,1091,1402,7361,25913,50658,61982
20299:61,84,510,542,803,1180,1920,2537,3620,54155
20304:17,76,81,224,302,669,866,25922,60221,101154
20305:17,76,866,2852,6926,8322,12902,13077,24933,43597
20316:8,76,84,224,289,301,302,354,616,654
20319:17,44,76,669,866,4305,5403,14195,30117,85308
20322:84,378,2108,2950,3886,5017,6503,11839,25826,25962
20327:17,76,669,866,14564,25969,59670,80321,81941,98186
20333:17,58,84,302,616,650,654,962,1887,2966
20334:17,58,302,616,650,654,736,3937,7491,15720
20360:17,29,58,76,84,138,301,354,361,729
20378:8,65,302,361,363,508,616,654,736,23124
20379:349,367,8167,10003,12332,14841,22002,25910,46935,71599
20380:17,70,138,354,518,736,947,1102,2935,15242
20381:17,76,669,866,5353,7680,18966,20952,26340,110513
20394:17,4479,11241,17116,27633,28605,40590,85096,87614,103506
20395:17,58,302,429,616,654,873,8004,17236,43649
20409:17,76,81,669,866,33884,42952,46783,81908,81965
20420:17,76,81,224,669,866,7821,26139,39580,95791
20438:17,1626,6181,8563,23213,26165,28323,33345,39684,76265
20439:17,76,81,224,302,669,866,4488,42763,46865
20440:17,4093,4110,4146,8129,9314,10302,10692,25450,36243
20441:6,17,62,162,224,302,596,654,1187,16044
20443:17,103,194,206,302,327,656,787,1023,31598
20456:17,76,190,302,356,650,654,787,1140,8973
20463:302,6901,8783,16372,24647,38583,42678,44065,73127,113588
20465:8,17,58,302,354,616,654,6052,42662,117160
20466:17,1077,1468,4671,7468,9594,28674,66607,75442,77206
20473:533,1566,6264,7658,9462,17316,30490,57658,80969,122550
20497:17,76,175,669,866,1091,6495,17501,22108,79575
20498:8,17,76,84,101,302,616,654,1044,1102
20507:17,306,1397,2510,4889,5975,8772,13341,13594,14268
20512:17,564,654,1352,13817,13895,18082,21406,34846,70489
20520:1131,1600,2946,6774,10262,17508,23370,25358,47372,61880
20544:17,669,866,3360,6413,15111,42714,78134,87097,92522
20545:17,40,76,262,508,698,736,2139,4257,37653
20546:17,84,119,138,289,559,650,861,1405,42352
20547:17,76,302,429,616,654,866,3789,12090,26360
20549:17,76,302,616,2139,5922,10861,28684,34593,52499
20550:17,899,2716,4364,7338,11080,13301,21499,26363,94319
20553:17,29,58,84,302,354,361,596,616,26369
20555:8,268,302,1348,1693,4338,5345,12750,85154,106179
20556:17,76,4409,6856,8322,13077,24933,36432,55387,62598
20572:17,70,76,81,226,302,616,736,54188,98223
20582:17,76,302,650,3298,11741,14742,53324,54310,103648
20607:6,17,29,58,84,138,354,518,616,9748
20624:17,302,866,1023,1476,1614,4707,11633,16553,112211
20628:8,17,58,245,302,354,518,616,654,1102
20655:8,17,542,616,1410,1555,8873,10930,14364,76798
20684:780,986,1749,3137,3374,3423,5767,5860,7211,22597
20685:17,58,495,542,616,650,654,4607,18389,56765
20697:17,76,463,719,984,1400,2103,5480,8860,11070
20720:17,76,200,669,866,5357,39351,46620,47551,111411
20721:58,84,239,301,302,354,361,654,866,899
20735:17,76,97,899,1405,3308,8213,8794,12495,14617
20736:17,245,353,616,1827,2403,3207,13695,37164,47339
20752:17,669,848,13504,17519,51035,56113,58858,64628,94116
20756:17,76,226,986,1501,6824,14501,20634,40738,119933
20761:17,1218,4647,11146,18757,31696,37497,40401,54555,84882
20766:17,76,302,542,564,616,654,787,1109,81370
20790:17,76,669,866,17841,19528,48823,50871,52545,55387
20807:17,866,11655,19604,23235,26131,47426,66768,84057,117512
20809:17,76,81,698,2139,2406,11402,16995,30861,31315
20810:17,76,669,866,25749,81883,81930,81941,81965,107576
20812:13,245,441,774,2715,3618,5122,5287,30786,33552
20846:17,76,81,669,866,2703,31246,35128,48933,110373
20857:17,866,6531,6532,9889,17073,31022,62839,74328,83521
20858:17,533,901,1397,2510,3033,4889,14268,21053,70949
20872:17,40,76,81,1682,1730,7000,10163,11251,112432
20892:17,84,302,364,1382,1462,5998,7758,32721,73670
20906:17,247,6503,9216,13889,17185,53856,71589,74954,107537
20908:17,76,361,866,1913,2848,6387,7037,8349,40263
20911:8,17,518,616,654,16722,26802,27496,66681,79305
20912:17,76,669,866,8574,9981,25957,37524,81902,81997
20918:17,29,58,84,302,616,650,654,1140,1362
20926:8,17,58,76,84,302,616,650,654,1187
20932:17,76,669,866,1498,28464,32392,70489,100181,118802
20950:17,209,302,855,866,17026,31616,55137,65698,85754
20954:17,76,669,866,7627,27131,44812,67454,88079,117160
20973:17,32,61,402,616,902,1196,2172,10121,19984
20985:17,361,1176,3484,14966,16701,20836,25940,28227,36501
20990:17,70,76,81,138,302,616,986,13178,39703
21028:22,58,76,84,301,654,974,7624,10466,13901
21029:17,2275,12099,22966,27249,29064,39390,51635,61267,79002
21030:17,40,76,81,358,500,564,866,1069,2139
21032:17,76,302,564,645,8190,28027,46556,64557,91803
21033:17,119,179,287,302,354,364,899,947,1344
21037:17,76,564,698,1355,3514,7703,8694,15695,16127
21080:8,17,103,245,302,616,656,1403,1511,5287
21082:731,10404,10503,32351,36771,37068,45423,53341,68717,81953
21084:17,37,518,6783,19883,20959,32746,37348,63947,97559
21120:17,29,58,76,84,302,354,616,866,6400
21139:17,533,866,7418,7926,15749,27443,27489,37089,95891
21140:58,70,76,84,301,302,354,361,654,2583
21148:17,669,866,1050,8860,27457,32677,62650,76652,82382
21149:6,15,17,58,302,542,616,654,1937,9246
21151:17,58,76,302,650,654,1544,4203,4919,14750
21160:17,226,533,4660,5319,5975,10981,11590,13341,68408
21164:17,70,84,301,302,361,564,650,654,866
21196:650,866,17748,24157,26573,29900,43708,63718,74448,94151
21207:17,306,654,1589,12090,13062,13832,83812,101569,107775
21220:189,1352,1712,2880,5450,5624,7880,8848,10041,21771
21246:58,76,84,301,302,354,361,616,654,866
21256:17,301,358,754,1410,1871,6741,12916,19352,31267
21259:17,58,302,361,564,616,650,709,866,39204
21266:29,58,84,302,354,616,654,726,837,866
21272:17,58,302,354,616,654,7312,16206,52075,105235
21288:17,58,62,224,302,650,654,1245,3588,40143
21317:17,76,302,508,1589,3107,3864,3915,7006,11535
21318:226,378,1451,2068,4012,6311,9003,21091,35550,122525
21354:17,76,669,866,1847,7297,10525,23610,27008,45187
21384:17,236,669,866,19290,30954,44069,48275,61273,98560
21401:17,76,866,2152,5538,23668,47908,63665,76840,77795
21423:17,76,669,866,81883,81909,81953,81965,81967,87400
21447:17,533,669,866,6872,13269,17594,45607,53686,62353
21448:58,76,84,302,361,616,650,654,709,866
21469:17,76,616,999,7171,7974,14202,32877,35144,40465
21476:17,76,81,669,866,2139,81908,81909,81965,81967
21505:17,76,81,217,229,262,302,650,7516,8709
21514:17,226,12545,14946,18593,60374,66815,69053,106358,112419
21518:58,76,302,596,616,654,736,866,1102,100864
21531:17,76,669,866,17841,19528,48823,50871,52545,55387
21542:661,1803,2642,2833,3412,9295,9709,17786,27483,39853
21543:157,197,840,2548,3196,10541,13049,14793,17380,18791
21551:17,669,866,13050,48623,49056,71500,100084,100977,115290
21570:17,76,669,866,2021,17928,28223,57329,106386,118059
21585:76,1149,2848,5214,6387,9260,22507,22614,30791,31633
21599:17,76,224,302,508,616,654,1558,1949,32294
21604:17,76,361,866,1913,2848,6387,22614,30791,40263
21608:6,17,116,236,302,354,650,654,749,899
21617:6,17,29,84,101,322,354,650,25003,48211
21631:17,76,81,224,302,669,866,28348,82446,82448
21633:17,70,302,654,1097,6400,8359,10810,22483,106358
21637:17,76,669,866,28357,81883,81902,81930,81941,81967
21670:17,76,669,866,2829,28415,73675,84630,87904,118289
21689:45,1353,2733,5384,5998,34531,36708,45659,47647,67001
21712:6,8,17,58,61,542,564,591,650,19264
21713:58,76,84,224,301,302,616,650,654,866
21714:17,225,2917,4755,6503,10130,15333,26360,84727,85144
21722:58,84,182,302,354,361,616,650,654,866
21723:8,17,40,58,616,650,3937,9943,11070,15720
21732:17,866,8642,18959,33919,57550,61920,88594,95482,96115
21737:17,840,1554,11321,12810,12955,64938,67735,79112,86508
21745:17,76,669,866,14227,14298,30053,51898,116200,116304
21763:6,17,29,58,84,354,591,650,749,11959
21774:17,76,669,866,2031,10695,61520,70543,79885,83780
21787:6,17,32,61,322,364,1196,2030,4173,71206
21794:17,76,302,654,749,1635,2139,25024,28650,33040
21796:17,525,7660,17182,22207,28653,44164,60134,63043,80990
21834:8,17,29,84,616,787,947,1342,28724,54586
21838:168,463,661,801,984,5480,5488,7711,8860,30946
21853:17,3372,3672,6503,9289,13889,17567,19871,57841,116782
21868:17,58,70,84,302,354,616,654,1462,5581
21869:17,1446,3307,7623,8322,14906,18809,23824,41226,92211
21908:58,76,138,302,354,361,654,709,944,8016
21912:17,70,81,138,226,736,1023,2982,3423,11626
21931:17,29,866,1202,1761,9745,17424,39958,94897,113497
21932:17,669,866,5670,11625,23492,39690,51255,61658,102473
21933:17,40,76,866,890,1730,2139,5097,55944,58808
21934:17,76,669,866,2467,5070,18344,46979,46995,112534
21941:17,1605,2142,13170,15642,18129,39395,48738,105922,117418
21943:76,81,463,508,2139,7667,12010,29969,53688,95151
21944:15,17,29,101,322,616,654,78400,89938,100405
21945:17,76,669,866,2643,14117,20452,60977,69230,92236
21947:76,289,301,302,354,616,650,654,736,866
21960:17,76,669,866,27271,35203,35212,101420,101488,101617
21967:17,1131,2139,2579,6240,35847,54226,73904,96079,100823
21968:17,58,76,245,322,363,654,3855,17403,53145
21979:17,236,3448,4203,10075,11621,20850,23764,32978,119608
21993:17,76,81,226,840,1965,5111,17317,20482,28124
21996:17,76,81,224,238,669,866,15484,82444,86355
22003:17,70,76,84,302,354,654,866,1119,1187
22012:603,1397,4889,5975,8529,29069,34070,37089,94497,97670
22016:58,84,239,301,302,354,361,654,866,899
22017:17,81,262,698,866,1730,2139,10254,11579,56166
22029:17,76,226,262,302,654,780,866,3423,40997
22030:17,76,669,866,31355,31418,31958,31990,83854,106456
22036:17,155,302,616,650,5956,9313,12725,18057,18293
22037:17,669,866,29065,66362,66518,72928,85028,87432,105216
22060:17,58,76,302,654,1126,1405,3704,4960,116099
22080:17,76,168,297,361,1326,2275,2579,7132,14754
22085:17,84,302,899,947,1057,1119,1187,2935,4420
22102:17,76,660,669,866,81902,81930,81941,81953,114325
22109:8,58,76,289,302,564,650,654,1348,9388
22111:17,224,225,302,1825,7067,13832,26207,61261,63249
22116:17,58,81,302,361,654,780,2208,10947,15201
22124:17,70,76,81,226,2379,3423,14999,17317,18452
22128:76,168,416,719,984,2012,2318,5902,15949,17112
22158:17,70,224,354,361,650,1119,2139,5611,12776
22164:17,301,354,654,709,736,1023,1535,5581,34143
22165:17,58,70,76,84,302,518,616,654,5581
22173:17,81,1435,8484,11482,33851,41718,59924,70335,74713
22176:441,827,2347,4444,5122,16036,17798,17995,29458,42511
22184:6,8,17,29,58,76,84,616,650,654
22198:8,17,58,302,542,616,650,654,1555,96188
22201:17,76,302,564,698,866,2139,2414,56465,63493
22213:17,873,1099,2121,6287,15340,18704,26687,31609,85828
22222:17,378,774,899,1057,1827,8151,8579,10046,22400
22226:17,76,225,1435,3471,6503,11235,18691,19302,32829
22236:17,58,76,224,302,616,650,654,6765,7361
22245:76,17056,17498,22059,23595,27014,31342,37647,47346,103730
22246:4446,10487,16396,17625,18207,49043,53253,62105,66729,81082
22251:17,81,3137,3682,3718,5381,8511,8588,12727,16286
22262:8,17,81,84,302,3372,4949,6503,11595,53856
22263:6,29,58,76,84,138,301,354,616,654
22280:17,29,58,616,650,654,9104,21315,23242,90686
22286:17,86,1196,1389,5929,8579,16740,26135,28489,31609
22299:17,4339,6021,13652,25237,35953,70740,82875,93664,101336
22304:17,441,669,866,1002,26814,33615,41711,55557,57099
22324:17,76,669,866,9207,81941,81953,81965,81967,119350
22326:17,1592,21718,23913,29819,37390,46620,68687,85539,113412
22337:168,463,661,719,984,1326,2103,7711,9874,13821
22346:58,84,239,301,302,354,361,654,866,899
22354:17,669,866,19340,22810,29695,29770,31006,47948,76967
22363:17,76,670,866,10106,14470,16406,17821,68382,112820
22366:17,58,76,84,254,302,354,361,654,24436
22372:17,361,564,650,698,729,866,2139,4051,15484
22373:17,361,669,866,1763,16024,71816,79374,81589,82454
22382:8,17,58,302,616,654,16097,17717,31267,41480
22388:17,669,866,1164,1923,3676,10782,13512,22191,76122
22392:17,669,866,9117,15341,29205,29773,51899,83363,93703
22399:17,1352,4755,8454,10503,14508,20806,37068,53341,81953
22400:17,81,550,731,3516,5860,9790,11839,14059,24132
22401:17,76,81,224,302,669,866,19831,82446,82448
22418:226,1296,3407,4131,9419,12585,12691,18375,44020,62524
22426:17,866,6411,23320,25489,33041,54066,67529,86363,99683
22427:65,76,138,301,302,354,361,616,654,58238
22430:8,17,289,302,322,394,616,650,654,1196
22431:17,542,17320,20367,30720,35621,44751,65112,67529,93200
22436:8,17,58,70,224,564,591,650,1196,42375
22459:58,76,302,650,654,1039,3642,9885,15254,23266
22464:17,58,155,302,616,650,654,4173,38356,61298
22465:17,76,217,226,262,500,3374,3423,5767,54223
22469:168,719,984,1013,1400,1528,2153,7180,8860,11255
22476:6,17,29,58,84,138,296,616,650,654
22477:17,58,76,224,285,302,616,654,4541,20409
22479:17,97,669,866,1295,7361,9360,47773,69059,91707
22483:8,17,70,76,138,301,302,616,654,20114
22492:17,58,76,302,616,650,654,1913,5363,28695
22493:17,61,76,179,669,866,2317,15447,38054,76007
22497:17,76,81,669,866,11548,11552,28893,37050,38573
22501:17,76,302,500,511,546,866,6491,12090,18239
22515:564,1126,5239,5925,7010,7479,12684,24398,83162,101488
22521:17,76,81,669,866,4308,24065,31356,65635,88472
22523:58,84,302,354,361,654,866,899,12773,50601
22533:17,9656,10825,11697,36911,50701,53016,56266,67529,91272
22538:17,187,441,899,947,1388,1389,2131,2139,3733
22546:17,58,76,84,302,518,616,654,1102,4753
22568:8,17,58,76,302,591,650,654,861,1949
22574:17,302,17804,47330,54777,63483,65797,70292,83859,99574
22575:17,76,669,866,10597,20732,21826,24196,62424,116315
22579:81,140,1888,3374,3423,6202,16680,17317,22597,48076
22580:17,81,986,1402,3323,32118,42883,51044,51500,85828
22581:17,70,301,302,353,354,564,654,14894,108599
22583:17,76,81,669,866,3176,32488,81902,81965,81967
22586:17,32,76,302,616,650,787,2739,5702,9413
22592:6,8,17,58,285,322,483,554,616,1589
22603:17,76,84,245,302,654,891,899,1187,1389
22624:1002,1256,1340,3618,4513,4547,5083,5122,6315,16465
22639:17,29,76,138,289,591,650,654,8525,61692
22675:500,873,5812,12190,23591,36721,74077,107507,110893,115016
22681:17,76,81,669,866,20888,30771,32824,105897,111262
22682:17,76,84,119,302,327,616,654,866,32948
22685:6,15,17,146,162,245,322,363,364,654
22691:6,8,17,29,76,84,289,591,650,654
22699:58,84,224,301,302,616,650,654,866,4239
22703:17,76,358,684,698,1344,3394,4146,5276,8197
22706:17,84,202,440,654,1102,2121,7732,37287,89392
22711:81,1276,2301,13366,17396,22421,38736,64260,65145,83786
22741:17,70,76,81,138,302,354,616,654,986
22748:8,17,29,58,76,84,138,591,650,654
22755:17,65,245,302,441,654,873,947,1825,3704
22759:17,58,70,81,226,302,564,616,650,654
22794:17,736,2265,3354,8197,16782,52268,75629,83854,107819
22799:58,76,224,302,354,616,654,866,1102,77650
22800:17,76,81,224,302,669,866,4488,42763,46865
22806:8,17,58,76,301,302,616,10534,20788,110602
22807:17,168,719,801,984,2318,5480,7994,12039,51061
22808:17,866,2852,9419,12722,13366,42088,84082,84972,87922
22823:76,168,574,1230,2318,2888,7544,11255,11431,30736
22824:15,29,224,430,542,650,787,1943,4967,50906
22825:17,76,669,866,1951,7869,40734,44779,51759,59566
22835:17,239,302,354,361,596,650,654,1969,45919
22844:17,76,114,289,302,449,616,650,1196,8156
22850:17,84,124,1127,1359,2058,2220,6397,16017,48178
22851:17,76,361,669,866,1763,10947,16024,58974,82454
22862:17,76,669,866,2405,23065,30991,55644,64773,69906
22863:76,225,2852,3290,19406,36057,47174,56415,80636,87092
22867:17,1748,4671,5641,9435,11855,12861,17486,22668,29922
22872:58,84,301,302,354,361,616,654,866,899
22873:8,17,58,101,302,354,518,616,654,1102
22887:8,17,76,84,302,508,564,616,654,11070
22888:6,8,17,29,58,84,354,616,650,2369
22893:17,76,669,866,2208,13420,81908,81909,81965,81997
22901:17,76,669,866,10903,44837,81965,81967,91428,104665
22903:17,29,58,76,84,97,616,654,2048,26054
22906:17,238,394,1395,4032,5303,8836,13925,52797,112979
22936:17,76,866,2848,5357,6117,6387,8783,31633,40263
22949:17,1352,1460,2512,3846,11584,48270,59421,75493,104598
22979:17,76,500,686,2292,17546,18216,18239,33210,78050
22983:17,29,58,70,138,564,616,650,654,944
22986:17,76,81,224,302,669,866,873,17782,76213
23000:17,76,535,817,857,866,1902,2028,3307,10175
23040:17,76,669,866,10406,41523,81883,81902,81930,81953
23044:17,76,669,866,12073,51559,78761,81953,81997,109465
23055:17,669,866,2492,2694,30972,37256,56266,67529,85391
23057:17,318,653,827,1205,2917,2983,4991,49281,117753
23073:58,84,301,302,354,361,654,866,899,24769
23099:70,140,226,1884,1888,2967,5767,7680,16685,26340
23110:17,76,177,669,866,11497,22655,24245,69494,103120
23111:17,58,302,361,564,616,650,654,736,866
23112:17,76,226,262,780,866,986,2241,3137,3423
23113:17,76,81,303,669,866,1102,13498,29111,107048
23114:81,140,566,3423,4131,6692,8456,17317,17713,42780
23127:17,245,302,331,616,654,10236,20994,30532,49300
23133:17,584,3514,4589,5535,12951,31118,32686,40136,40734
23183:168,661,801,1230,1400,2103,2582,5480,13497,15603
23208:17,866,4275,5008,14684,18507,20381,51405,65018,105081
23221:17,58,76,84,302,616,650,654,899,1245
23229:17,76,698,2139,3394,7153,10617,16995,19829,74038
23234:8,17,157,197,508,616,3196,5111,10541,27070
23244:8,17,58,76,217,302,616,650,654,5702
23252:17,669,866,4308,11008,12968,24065,34913,88472,93683
23254:32,94,245,363,486,1028,1276,1342,2200,28500
23255:17,866,4194,5412,7653,16266,26712,33285,41300,53290
23277:17,669,866,12109,14081,16978,24094,28474,29389,30646
23311:17,76,669,866,7401,8518,24439,30657,31468,72768
23323:17,76,669,866,5353,7680,18966,20952,26340,110513
23335:533,3034,8772,13341,15160,17908,20442,30490,51099,95891
23340:17,669,866,1852,2743,2983,5287,9708,18785,86587
23367:17,866,1028,2484,12544,20820,20836,48014,49911,83508
23382:70,76,84,302,354,654,866,947,1119,4420
23399:17,76,669,866,31639,81883,81902,81930,81941,81967
23408:17,76,81,217,229,302,3516,21055,22002,57016
23423:17,371,441,5083,6315,15775,16465,29262,60140,113269
23433:8,29,58,76,138,354,654,736,1102,1119
23448:17,76,81,669,866,2318,2488,7180,9709,85234
23452:6,17,29,76,84,289,302,354,616,2030
23458:17,76,429,508,719,1326,2092,2318,3789,112820
23464:17,76,669,866,31315,39456,47736,66697,81462,119249
23465:17,76,669,866,4556,81902,81930,81941,81953,81997
23498:3020,3653,5828,7270,8582,9232,16266,30427,31813,52270
23508:17,371,802,2239,4547,14983,19524,26925,44026,52865
23514:17,76,669,866,17841,19528,48823,50871,52545,55387
23542:17,669,866,16486,21587,24432,26389,58399,72709,102013
23544:17,1352,1712,2880,3328,4755,10041,12148,27138,35625
23548:17,76,81,224,262,302,669,866,82446,82448
23549:17,302,1730,2596,13116,17376,69719,83361,85121,90264
23569:17,254,358,500,546,650,698,2265,5097,10039
23587:17,302,7211,14880,15355,23556,31973,74328,98068,112419
23595:17,70,76,84,302,354,866,899,1119,2935
23606:1352,1527,2880,4755,5450,5624,10041,14401,21771,23191
23631:17,2543,4671,7088,8167,11855,11924,19152,26340,31626
23637:6,17,29,44,58,76,84,616,650,654
23653:13,1340,1875,3618,4513,5083,5122,6315,8928,16465
23670:17,76,262,669,866,8981,60751,76517,76675,113000
23678:17,58,76,302,596,616,654,1736,1941,71153
23686:17,58,84,138,285,518,542,554,564,12056
23692:17,76,3159,3850,11543,12361,19881,37186,47480,83825
23699:17,58,76,285,302,363,518,15621,28082,58758
23711:17,76,669,866,17439,46374,63989,81930,81941,81997
23714:6,17,58,76,84,302,510,616,650,654
23735:17,302,866,6503,9101,25662,41570,79476,79994,117859
23751:17,76,564,1002,1069,4513,5083,6315,8928,24564
23779:6,17,58,61,76,302,395,616,654,32329
23785:8,17,813,1009,2008,3468,8213,10687,30257,114547
23827:17,780,1650,1749,2241,2616,3423,8511,22597,54389
23828:17,1069,10404,10503,12548,13335,20288,24348,27291,30439
23847:17,1397,2510,4889,5975,13341,13594,14268,26078,114834
23865:17,866,10844,13623,19720,20892,34957,84267,105469,111869
23872:17,508,2139,6411,10648,13896,37256,37674,39490,67278
23895:17,76,669,866,60509,81883,81902,81930,81941,81967
23907:17,76,81,669,866,3412,50861,81589,81941,84675
23919:17,119,327,787,866,2950,7334,13108,15405,23497
23923:10,17,302,1550,3101,7471,8426,20128,32135,78740
23934:8,17,22,302,616,3661,3858,12458,14328,21435
23943:8,17,58,84,302,616,654,16952,23604,79541
23959:6,15,17,58,84,322,354,518,542,616
23960:17,58,93,302,361,564,650,654,698,866
23961:17,302,17561,32947,45982,47330,66259,73229,90103,103535
23962:17,84,899,10408,10898,11447,40390,54764,89405,112422
23963:29,58,76,84,354,396,616,650,654,10229
23979:17,76,669,866,17841,19528,48823,50871,52545,55387
23997:168,661,801,984,1528,2318,4394,8733,8860,56750
24018:29,70,76,84,138,301,654,736,1102,1119
24019:76,409,3159,3214,4148,15201,18850,32856,39204,50724
24056:17,76,81,224,302,669,866,2703,64314,94906
24060:8,17,84,119,327,518,1119,2140,2656,14636
24061:238,616,3583,4645,10455,13250,20576,23243,27972,41047
24075:17,76,361,669,866,1913,2848,6387,31633,40263
24083:8,17,58,84,302,354,518,616,654,83905
24100:17,45,58,155,302,616,650,654,3101,4173
24129:17,58,302,564,616,650,654,866,7491,15720
24144:168,226,352,719,1326,1460,2337,4372,21421,44704
24146:17,58,302,616,654,703,2748,10859,23391,27682
24155:3374,5355,9407,9621,15003,27277,39928,48106,53618,59968
24157:17,76,81,224,302,669,866,2703,5495,8725
24158:582,986,2967,3054,4575,8167,25910,33152,49890,85297
24162:17,76,96,669,866,20127,27583,29149,66573,122358
24175:17,84,302,8588,11453,18261,22815,36938,40405,69915
24179:17,29,76,81,564,616,698,2139,7153,90552
24184:17,76,873,947,1539,1825,4156,30112,75868,76886
24185:8,17,62,182,302,542,616,1245,13832,27479
24199:17,119,124,1606,1709,4364,8587,12776,24823,28858
24206:17,76,669,866,925,4802,5670,8076,11625,92365
24210:70,81,226,500,1382,1790,3309,5103,15289,48087
24219:58,76,84,285,301,302,650,654,866,2094
24236:8,17,76,122,302,564,616,654,18867,95772
24248:40,698,1913,2265,2282,2848,20808,25216,30791,35268
24262:3023,5398,7851,33009,46732,53988,65515,72804,82704,102663
24265:13,441,1065,1875,3086,6315,13206,13814,16332,46890
24269:8,58,84,302,354,361,654,866,39517,64643
24273:17,76,669,866,20604,81883,81902,81930,81941,118306
24286:17,1028,7610,14833,28524,33817,86072,89374,96274,102563
24309:168,719,801,984,1230,1400,1867,2318,5480,7994
24317:225,371,802,2239,2880,4547,14983,19524,26925,49799
24331:17,669,866,10510,11901,16729,25426,33483,54135,71577
24339:17,669,866,2359,5117,5287,23697,32274,33494,89513
24349:8,17,58,84,289,302,518,554,616,654
24397:17,58,76,84,302,354,616,650,654,866
24409:17,70,76,81,226,302,650,654,866,51071
24413:58,84,224,302,354,361,616,654,866,2030
24418:17,1355,16258,24645,26312,63481,64807,71593,72467,104247
24421:17,866,14108,20416,23403,33658,45407,70365,80290,89092
24440:17,650,1405,1770,2703,5489,18471,34160,93844,116204
24468:17,76,866,2139,4425,4586,5398,12165,18124,26985
24473:17,76,225,866,17247,26360,59447,72958,108071,114953
24489:17,76,81,669,866,2092,81902,81965,81967,91526
24536:17,58,93,302,361,564,616,650,654,866
24558:17,354,866,1991,2259,4012,5254,30438,33872,106792
24580:17,76,81,669,866,2427,8315,12371,22878,29603
24581:17,76,226,301,302,542,1023,2375,3072,3476
24591:17,76,81,669,866,2265,6387,22507,25770,30791
24617:17,262,780,986,2241,3137,3309,3374,3423,5767
24618:168,463,661,984,1400,1968,2318,5480,7235,8860
24623:17,76,81,669,866,23237,26176,48613,51369,79090
24631:17,58,616,736,1196,4007,12465,24239,30377,62812
24639:17,32,65,76,500,616,1119,6491,18239,35486
24642:17,76,398,669,866,2679,4173,27015,28721,35839
24643:17,58,76,84,302,354,616,654,866,16472
24647:17,76,226,262,780,986,2241,3137,3423,58824
24649:17,21,45,616,2733,5998,28457,45659,67001,102650
24664:17,76,669,866,3878,4708,12218,13893,55875,82918
24668:17,61,131,146,301,447,654,1181,8066,15749
24669:76,81,866,2880,4755,15138,22312,28729,34931,82965
24673:3718,4131,4588,7881,8456,15029,24668,42780,48702,74046
24695:17,58,76,224,285,302,616,654,4541,9360
24702:378,688,719,752,827,2153,7158,9531,10267,93234
24715:17,226,245,1119,1187,20192,45765,50990,61541,79064
24725:17,76,669,866,6487,81902,81930,81941,81953,81997
24727:17,76,6261,17726,19544,21912,25552,34694,80166,80260
24731:6,17,58,76,302,322,616,654,866,14018
24748:17,76,138,226,302,508,564,6304,13523,33957
24750:58,84,301,302,354,361,654,866,899,1359
24775:17,1046,1614,2425,5928,18294,20760,23688,34356,44069
24777:17,4354,10986,17040,23873,28860,37810,38963,92789,99666
24786:17,76,81,508,891,1644,1936,8011,11235,37459
24793:17,76,81,669,866,924,1592,14970,31496,62728
24804:8,114,409,1196,3231,3244,7841,14445,38946,42586
24805:17,224,2470,5955,6157,10391,14808,22054,52077,58829
24808:17,76,81,669,866,1592,7548,10492,80199,80618
24825:17,76,81,224,669,866,1023,3197,3373,43343
24827:17,76,669,866,1167,81902,81930,81941,81953,81997
24839:17,76,81,224,669,866,1771,69945,79895,104707
24846:8,17,302,787,1468,2148,27218,45419,49643,78687
24849:70,84,138,302,354,654,947,1119,11480,74937
24884:17,76,224,245,669,866,1002,2028,2548,8066
24907:8,17,58,103,542,2765,37893,56069,70058,94510
24908:17,58,76,81,302,616,650,654,16894,34323
24909:17,81,354,361,564,650,698,736,986,1462
24917:17,155,754,899,1039,1405,1600,3584,18321,23697
24920:8,17,302,616,654,763,2655,4662,9572,14088
24943:189,10743,18939,20567,21576,25366,28511,37961,51583,51995
24945:17,866,1069,4591,10611,11815,12361,24098,36785,84060
24947:17,76,616,1794,3793,7984,15937,31878,56962,87565
24949:17,285,302,361,394,650,654,837,1196,1217
24962:17,76,81,669,866,1146,1330,15479,93551,112888
24965:17,58,182,224,302,407,616,650,654,21911
24981:15,29,58,70,84,301,361,616,866,1102
24984:58,84,301,302,354,361,654,866,899,59044
24999:17,76,81,669,866,17336,54389,62565,98686,112791
25000:58,76,84,301,302,354,616,650,654,866
25004:17,129,669,866,1007,2051,59435,72467,78657,88275
25011:17,76,302,361,616,866,4195,5465,16043,29159
25021:17,76,669,866,11127,33158,81883,81965,81967,120521
25036:17,76,669,866,38212,64639,65003,81883,81941,81967
25044:17,70,84,302,908,947,2220,2950,61784,90570
25059:17,76,81,669,866,953,18363,81941,81965,81967
25069:17,866,23559,55991,68627,75057,79337,90650,94738,99749
25070:17,29,58,76,84,138,354,616,650,654
25076:17,76,302,358,616,866,2669,6840,8194,37121
25084:8,17,224,302,616,790,1245,1348,1886,63011
25085:17,76,84,289,302,354,518,616,654,866
25115:58,224,301,302,354,616,654,866,1102,45553
25118:8,17,58,84,289,302,616,654,11447,12575
25127:17,62,76,4374,4628,7514,19354,22272,27015,46128
25137:17,76,81,224,302,669,866,3502,30843,78815
25147:17,70,76,84,254,301,302,354,546,654
25153:58,65,76,224,302,354,616,654,866,1102
25171:8,17,58,76,302,616,654,866,10617,112391
25172:17,76,669,866,20373,81883,81902,81930,81941,81967
25181:17,189,1352,1527,1712,2880,4459,6434,8325,10041
25183:8,17,84,422,518,578,748,5407,80488,101033
25189:17,70,76,378,654,698,1208,1376,2139,7140
25212:17,76,669,866,38953,81883,81902,81930,81941,81967
25228:76,84,289,302,354,616,650,654,866,5263
25236:17,378,1760,4600,5145,7036,19480,21840,30605,35494
25251:17,81,1803,2318,2869,10493,11019,21204,35218,84317
25253:17,76,669,866,2265,2848,6387,24194,31633,40263
25255:17,803,1102,3855,5658,8942,13553,14064,42443,75303
25260:17,40,76,358,1730,4880,6307,12677,17403,59031
25263:17,6292,13392,14955,16452,42585,44093,72186,96102,100679
25280:17,76,81,669,866,4686,81883,81953,81965,81967
25283:17,371,1002,3618,4513,5083,6315,16465,24564,46761
25291:17,58,76,224,302,616,650,654,866,59325
25296:58,70,76,84,301,302,354,361,518,654
25298:40,101,229,2519,4034,43876,48222,77627,101733,102611
25301:17,62,76,81,669,866,9317,49567,50414,65532
25384:17,58,76,302,542,596,616,650,654,1969
25388:17,866,4755,5450,6293,16174,55467,57884,101496,106474
25410:8,17,76,84,302,654,1451,2085,4034,4187
25412:17,76,81,224,302,669,866,16502,40910,105197
25430:17,76,96,669,866,20127,27583,29149,66573,122358
25441:17,76,81,224,302,669,866,31487,31958,33240
25448:40,574,7608,13997,14498,15947,15991,43930,49869,117452
25449:17,866,11015,15177,21907,22497,41900,52155,61189,79144
25469:17,76,157,182,302,650,654,1245,16852,27070
25471:17,81,986,1749,2307,4021,8586,34407,82821,88834
25513:17,669,866,3786,11015,37773,44004,49182,61189,79144
25518:119,564,736,1173,1606,2140,3717,4364,19628,34694
25519:901,1351,2414,5277,14993,21285,31315,32623,40983,62489
25529:8,17,58,84,302,654,866,931,1099,2583
25535:17,97,669,866,1295,7361,9360,30787,69059,73386
25583:17,58,76,84,254,302,354,361,654,7194
25608:17,76,81,224,669,866,3884,19169,36787,78288
25612:87,2703,8567,8722,10267,16397,35990,66155,96274,116946
25614:17,225,866,9354,10503,12548,17145,28729,64460,118273
25615:17,650,7831,20241,28027,46556,59923,64557,67277,84297
25619:58,65,138,289,302,322,354,654,9686,10707
25666:17,29,76,138,236,302,564,616,654,6766
25677:17,76,81,669,866,4308,24065,31356,65635,88472
25679:17,76,302,564,698,866,2139,7760,13689,110574
25693:17,70,76,81,226,1023,1382,1551,2068,2704
25694:17,40,76,3484,3878,4425,16995,17855,29419,42289
25702:17,58,84,302,518,616,654,1534,5998,80506
25704:17,22,70,311,2966,4372,9354,21380,24468,47836
25716:361,2022,4549,13448,23827,25470,34781,45419,50150,99896
25719:58,84,302,354,654,866,1119,1389,2140,8579
25749:65,710,1065,2715,2748,4513,5526,18708,32713,50976
25750:197,840,3196,5111,5554,5627,10541,18791,41657,49360
25751:17,76,270,500,866,2241,12931,14237,31626,42289
25755:17,76,81,669,866,11467,22817,47784,53385,59623
25759:8,17,327,559,616,999,1002,1190,3601,40283
25771:17,116,236,363,616,1109,1693,5604,7599,7643
25778:17,76,669,866,78187,81883,81902,81930,81941,81967
25779:17,70,76,81,138,302,616,654,986,1462
25800:17,81,500,986,1749,1884,1888,3423,5767,8511
25822:17,76,669,866,17841,19528,48823,50871,52545,55387
25831:17,1077,1468,3955,4671,7468,9594,10316,37256,64669
25836:17,76,877,2153,14109,22477,70759,89020,106848,112039
25842:17,873,5990,12427,14012,24174,25196,36226,61370,103555
25852:17,97,669,866,1295,7361,9360,30787,69059,73386
25853:17,76,669,866,3539,9992,17395,23536,26312,27322
25854:17,76,81,669,866,1531,2318,9709,11585,27749
25861:17,76,276,510,669,866,944,11524,18055,119457
25865:17,2703,12044,18966,20952,24862,25850,42431,70873,110513
25872:17,76,81,224,302,669,866,82444,82446,82448
25887:17,76,669,866,26898,26976,30587,47265,67939,78002
25919:17,40,76,361,500,698,866,1164,1730,4880
25922:17,76,245,669,1002,1744,1784,2609,2715,29546
25924:17,32,58,61,616,902,1196,1403,4181,48015
25933:8,17,245,302,327,518,616,9354,98875,118273
25940:17,58,76,302,568,598,616,713,5869,30466
25947:17,76,669,866,45437,72918,75384,84712,86779,98007
25951:17,81,2021,2903,15984,27983,32294,42467,48953,89506
25976:17,1730,5097,6063,20302,33861,36421,52680,55944,58808
25977:17,189,1352,1712,3107,5624,6434,10041,20806,23191
25989:17,669,4409,13077,16965,24933,26374,37112,56480,112440
25991:17,669,866,3407,6382,23435,37809,43956,99819,108844
25994:17,76,81,669,866,2703,31246,35128,48933,110373
26001:17,224,866,1121,2063,3878,8226,25441,53154,67156
26021:17,76,84,245,302,654,891,899,1187,1389
26036:17,76,669,866,11518,81883,81902,81941,81953,81967
26084:17,58,66,76,302,616,5100,10813,20788,110602
26100:17,2543,3034,4671,7622,8867,11855,12861,17486,19152
26102:17,32,58,76,224,238,302,564,616,654
26108:17,76,669,866,2730,44041,81883,81941,81965,81967
26115:17,76,81,669,866,3864,54589,61502,65434,88992
26125:168,463,984,1400,2103,5480,7838,9874,10267,12332
26146:17,76,669,866,29007,39380,81883,81908,81930,81941
26147:17,76,6856,8322,13077,16965,19528,24933,36432,38522
26162:866,9100,12505,16549,20807,22572,27614,48646,69059,88598
26167:17,866,3684,8866,41804,67633,70862,98743,107543,120595
26173:4353,5739,6643,13315,14151,19778,20734,24408,32392,32721
26174:8,15,17,58,302,564,616,650,654,2626
26178:17,289,322,564,591,654,1102,1424,2158,8868
26181:8,17,58,302,518,564,616,650,654,3900
26197:17,81,302,327,616,650,873,1295,39980,109863
26234:17,301,378,654,899,932,1243,2769,48211,92184
26238:17,22,226,294,815,13424,14686,17508,21487,71151
26248:17,138,236,776,866,1164,3448,10075,11621,37212
26249:17,76,457,669,866,81883,81908,81909,81965,81967
26250:17,76,669,866,64701,81883,81953,81965,81967,83193
26262:17,866,1069,9232,26633,36785,40935,41729,48270,100294
26263:17,76,669,866,1468,29027,35116,46110,46979,47091
26288:17,18,76,669,866,15833,25483,46626,91001,106514
26290:17,76,669,866,1050,5947,8126,8146,14654,15430
26307:17,18,58,76,302,616,654,7905,17123,17608
26312:17,58,302,654,892,1140,1196,1245,1866,47934
26325:17,76,189,1527,1712,2337,2880,4755,6097,9813
26330:17,409,430,486,542,616,1511,1548,3394,14700
26332:17,76,669,866,7364,7858,9555,12855,65481,68107
26349:17,76,669,866,11402,12779,14277,14524,39185,39204
26383:17,76,669,866,17841,19528,48823,50871,52545,55387
26403:17,554,654,1624,2245,7210,10930,24856,96935,105729
26410:17,76,361,669,866,1501,2139,5739,10446,42375
26430:4,2064,8574,9323,10305,14524,18452,23051,24655,43086
26431:17,76,3978,8454,10404,10503,14508,27291,42440,99182
26432:17,58,76,285,302,616,650,654,776,20850
26440:17,76,81,669,866,8541,15794,22146,31391,37738
26441:58,84,301,302,354,361,616,654,866,2121
26442:17,76,669,866,5319,5611,5641,34188,37089,58060
26453:17,669,866,2588,7501,35793,44004,49182,98309,99712
26458:17,76,81,669,866,2703,31246,35128,48933,110373
26471:168,661,719,984,1400,2632,5480,5557,7484,8733
26510:17,62,76,669,866,9317,38055,46081,50414,83187
26514:17,32,58,302,364,542,616,650,654,69873
26516:81,262,641,1498,5381,12022,16387,24246,58982,63933
26522:17,76,6856,8322,13077,15013,19528,24933,37112,38522
26545:17,9656,21483,22059,25177,25368,27209,31342,38104,58468
26564:17,81,140,550,731,780,3718,5767,9790,15535
26566:58,84,239,301,302,354,361,654,866,899
26569:6,15,17,58,162,302,486,616,650,654
26577:17,866,3514,5975,6379,12186,16526,35991,39566,117293
26586:17,76,81,224,302,669,866,4488,42763,46865
26602:17,76,669,866,3103,10966,13091,19236,26530,78134
26610:17,669,866,4979,4996,5517,6115,65519,82572,86195
